c instance by G2
c solution = 1010011110100011010100000110010111110101101100010100100000001001110001111111110101101001000100011110
c Known solution cost is 5241 
p cnf 100 500
w 96 42 71 52 42 60 39 2 70 68 78 53 69 36 65 81 24 89 73 8 0 35 46 42 31 33 33 33 11 82 78 7 76 49 59 19 61 50 73 84 19 3 89 40 39 54 21 15 96 95 76 48 30 22 91 13 7 76 98 19 11 76 26 87 77 38 58 39 88 31 75 59 87 64 0 78 71 73 94 67 20 70 67 50 44 58 16 51 87 66 22 98 43 49 85 20 39 96 11 79
100 11 50 0
60 -71 -29 0
-14 -23 -6 0
13 19 -90 0
60 99 -47 0
97 -40 -42 0
-77 -94 -25 0
53 -46 73 0
78 -99 -95 0
6 63 50 0
50 46 -17 0
74 -31 -75 0
57 -71 48 0
9 40 -54 0
-71 -78 27 0
100 24 66 0
-87 32 8 0
-19 -71 -62 0
39 -69 -59 0
6 -88 81 0
88 -61 23 0
57 -88 -93 0
-54 82 -85 0
74 47 -18 0
35 10 -18 0
83 5 -74 0
74 82 99 0
-24 81 17 0
64 47 14 0
-76 -95 -99 0
-98 -62 -73 0
-40 73 47 0
-51 83 98 0
-89 -68 -72 0
95 98 45 0
-50 -73 -4 0
-31 -61 -56 0
81 35 -76 0
23 72 29 0
-43 11 -83 0
18 -2 31 0
-74 -68 40 0
75 -22 -4 0
-62 24 75 0
-34 37 -91 0
5 33 -88 0
35 -96 22 0
86 44 -61 0
22 -55 -8 0
-40 19 -28 0
-44 99 35 0
-38 -69 16 0
-36 22 72 0
-82 62 43 0
-87 17 -63 0
87 97 55 0
-99 -37 66 0
-99 -8 41 0
77 97 -31 0
68 -67 -79 0
-3 8 80 0
19 27 -95 0
15 16 -23 0
60 15 73 0
-68 16 -67 0
94 2 20 0
29 13 36 0
31 74 -79 0
22 -81 -52 0
45 -28 62 0
-32 -56 -92 0
-85 -53 -45 0
-93 88 -28 0
57 19 -17 0
-35 50 -97 0
-11 97 87 0
-77 -60 -99 0
-17 15 -92 0
82 -46 -89 0
-90 33 32 0
18 -27 -8 0
41 97 6 0
1 12 23 0
-62 21 -80 0
72 -48 23 0
91 53 -43 0
31 52 27 0
-27 -12 17 0
-30 -6 -49 0
-28 23 52 0
-40 -42 -9 0
13 16 50 0
78 14 -41 0
-77 -56 -85 0
10 -78 11 0
64 17 -25 0
36 22 -54 0
35 -85 -81 0
-38 -70 83 0
47 -24 90 0
44 -90 70 0
96 56 8 0
38 87 32 0
-25 83 2 0
31 -89 19 0
59 -75 -69 0
59 19 -54 0
-23 86 -95 0
-4 79 -16 0
64 -31 33 0
-61 -71 -67 0
-53 -19 -58 0
-60 -25 3 0
89 -59 -72 0
76 -58 33 0
73 -51 65 0
1 -78 -33 0
96 74 85 0
-7 20 -18 0
-12 -78 90 0
-9 63 -89 0
65 -43 -17 0
-31 32 -20 0
-39 -5 63 0
36 47 63 0
52 -35 33 0
1 -11 -71 0
74 63 -82 0
-23 -7 67 0
-67 -100 -9 0
38 39 63 0
40 -14 -53 0
-31 -60 96 0
30 -26 -77 0
59 24 -67 0
48 -47 33 0
48 30 -61 0
73 87 -23 0
-16 58 78 0
7 -69 -38 0
1 -14 24 0
94 18 -97 0
-10 -43 -61 0
11 36 57 0
-55 -59 -79 0
89 81 -79 0
92 90 4 0
-65 -19 52 0
-66 91 83 0
-14 31 89 0
-37 -95 53 0
42 -71 -87 0
89 85 22 0
61 5 -19 0
-98 -93 97 0
-42 -52 -61 0
1 52 95 0
4 -22 -69 0
-19 17 13 0
-97 -38 76 0
97 -1 98 0
34 24 -18 0
-99 35 27 0
-38 -94 5 0
-77 17 50 0
7 14 96 0
-27 -57 -80 0
-14 66 74 0
35 83 -50 0
65 31 -58 0
-96 -5 -22 0
53 34 -39 0
68 61 53 0
-21 -84 -27 0
72 -32 -100 0
90 -4 -95 0
59 -86 2 0
-12 -34 -96 0
-34 -44 88 0
9 14 -23 0
-82 -90 -64 0
65 -41 59 0
20 -55 2 0
91 94 -47 0
72 2 73 0
-62 21 47 0
-90 50 -18 0
-15 48 -1 0
10 -77 16 0
-76 1 54 0
31 -9 -51 0
-37 -14 46 0
1 27 92 0
-8 -5 -28 0
76 82 62 0
93 -20 -42 0
-99 -72 -25 0
50 70 39 0
-1 44 48 0
-4 -26 -79 0
92 26 78 0
-99 -69 -38 0
7 -3 -71 0
-11 -13 -50 0
-78 -87 -75 0
5 72 95 0
64 -58 91 0
41 55 -43 0
-8 -51 28 0
-39 88 -72 0
-8 86 -91 0
-80 -94 -61 0
-56 40 -2 0
-1 27 -66 0
5 1 92 0
-54 12 -77 0
-5 -34 -66 0
95 -68 89 0
95 36 -7 0
82 -96 49 0
-32 -43 -31 0
88 -85 -30 0
37 -68 84 0
88 -33 -31 0
-21 -45 88 0
100 30 26 0
18 70 42 0
-1 77 87 0
99 -23 71 0
33 99 95 0
85 -90 -91 0
60 3 88 0
69 -18 -68 0
-23 -48 -79 0
-64 -46 5 0
75 96 46 0
-99 -51 80 0
96 -38 -27 0
-40 5 -28 0
-56 83 94 0
-66 -77 -45 0
18 -8 92 0
-59 38 -77 0
69 75 5 0
-65 -12 -47 0
-7 70 -61 0
-49 44 47 0
-96 60 -21 0
-37 81 -49 0
47 -7 -68 0
52 51 43 0
-60 -28 -65 0
-13 67 -48 0
-37 58 24 0
-37 -20 60 0
98 -12 -50 0
-4 31 73 0
-98 35 51 0
22 57 99 0
-36 17 -87 0
88 22 -43 0
-29 74 47 0
98 -71 -8 0
-87 -36 20 0
11 -99 21 0
-65 -45 -36 0
-9 -63 -43 0
63 71 -94 0
-38 -29 68 0
-55 23 -78 0
-7 99 14 0
92 8 -58 0
89 57 7 0
45 100 75 0
56 -65 -17 0
23 -4 91 0
-78 -54 -71 0
-52 55 -1 0
-60 58 -88 0
-64 8 54 0
-7 -98 99 0
25 -40 -81 0
-75 32 57 0
-65 -83 -29 0
-14 97 46 0
-55 33 80 0
-4 64 -22 0
6 68 -97 0
94 -58 -89 0
-95 60 91 0
90 -96 -10 0
-26 -23 41 0
65 25 6 0
82 -33 84 0
-53 80 -98 0
51 26 -35 0
-79 81 -48 0
7 -43 97 0
89 -54 -41 0
89 55 -62 0
-79 100 32 0
43 -1 66 0
-9 -21 -32 0
20 63 12 0
-4 -75 -18 0
-91 100 -97 0
-74 7 14 0
-55 45 -67 0
-64 -26 53 0
-41 43 -1 0
47 8 13 0
65 -13 -32 0
73 16 60 0
-52 39 2 0
-19 -38 -83 0
15 71 -78 0
89 84 71 0
10 80 -32 0
-42 18 10 0
-27 -6 -63 0
-18 95 80 0
-3 58 66 0
80 -92 94 0
11 65 94 0
-83 -72 82 0
-51 23 -99 0
31 55 76 0
47 65 -52 0
88 -40 39 0
5 -53 -2 0
28 -8 73 0
48 -96 80 0
-15 36 -61 0
-16 63 -84 0
-25 -41 66 0
20 -14 53 0
36 21 -92 0
-33 -90 -97 0
92 32 -69 0
-38 -74 53 0
-37 32 7 0
31 -9 -12 0
20 -84 85 0
-59 -23 -38 0
-80 -13 82 0
-25 -61 -84 0
7 1 63 0
-29 25 82 0
3 100 -24 0
64 56 -61 0
-40 15 -13 0
10 -74 -29 0
40 9 33 0
64 -20 75 0
63 18 7 0
-67 46 6 0
-49 -90 -59 0
-77 21 44 0
20 -54 78 0
-71 -38 8 0
21 40 -58 0
97 -68 76 0
-84 -33 -87 0
-98 77 -53 0
78 21 85 0
-4 26 89 0
60 70 24 0
28 12 3 0
-1 -6 85 0
49 -79 -70 0
-64 15 -72 0
53 93 -83 0
-82 6 1 0
69 37 -46 0
-58 29 13 0
-94 36 84 0
-64 3 -10 0
-74 52 -54 0
35 -71 -76 0
-82 -22 -39 0
-14 -2 -55 0
33 -8 -16 0
-52 45 5 0
-20 -73 -59 0
41 -19 65 0
83 11 -13 0
-22 61 11 0
51 -32 -81 0
-93 26 -40 0
-40 38 86 0
-95 33 37 0
34 99 56 0
-35 40 57 0
-32 -52 99 0
-49 -93 92 0
-97 -7 -12 0
-5 -62 32 0
61 38 50 0
-11 -6 9 0
30 -33 80 0
-93 -7 85 0
90 40 -6 0
66 -31 76 0
-17 33 -59 0
21 -95 -89 0
-76 -31 80 0
-60 18 -100 0
-16 38 -52 0
-2 -93 -8 0
34 -18 -9 0
-11 -3 -39 0
-37 -15 44 0
-12 -24 21 0
-58 -97 38 0
-42 13 -5 0
-98 -100 -88 0
92 31 -78 0
98 40 97 0
-30 -67 2 0
-47 -68 28 0
84 76 -38 0
-42 75 -33 0
61 -4 3 0
-37 -27 -34 0
-23 7 -97 0
46 -23 67 0
61 -41 81 0
-22 13 98 0
21 34 29 0
39 -10 21 0
-73 21 -22 0
-3 27 -30 0
48 31 -45 0
-52 -73 34 0
7 -96 50 0
5 -48 41 0
-42 18 -20 0
4 -83 -37 0
-72 -7 66 0
-31 30 -33 0
-64 1 90 0
-89 84 -4 0
97 -1 -7 0
45 3 60 0
-87 38 -62 0
-81 51 -5 0
4 27 63 0
-67 -90 -82 0
-100 -92 67 0
-15 69 6 0
-17 -92 -91 0
84 -5 14 0
-37 45 97 0
3 -33 28 0
-93 25 -53 0
70 -39 91 0
34 20 -51 0
56 74 99 0
61 -22 12 0
14 26 -56 0
-81 -35 -64 0
-52 -18 -64 0
-83 51 44 0
23 1 -92 0
-44 -74 40 0
-82 69 -21 0
-55 51 87 0
86 -99 11 0
25 -97 72 0
20 -7 96 0
50 86 99 0
-84 54 -6 0
38 17 39 0
-10 54 -20 0
-72 -69 -27 0
92 40 -35 0
-22 7 -74 0
-93 -72 -47 0
-99 68 72 0
60 -100 2 0
-52 -25 -47 0
-37 -52 -3 0
-80 47 34 0
91 -48 -51 0
30 -58 -13 0
81 88 -82 0
9 28 5 0
-47 -68 20 0
55 97 45 0
-95 35 -54 0
-32 41 -49 0
72 -1 36 0
69 66 100 0
61 -30 -13 0
61 8 -82 0
-7 42 -39 0
11 14 -5 0
74 -80 77 0
3 -2 32 0
-31 -88 83 0
