c instance by G2
c solution = 0001000111110001101100011111001011010001110010100010100011111010110110010011000001111110001101000010
c Known solution cost is 4713 
p cnf 100 500
w 40 95 72 80 48 4 21 46 16 94 0 95 20 39 53 3 56 1 91 68 23 86 51 66 91 34 59 52 93 22 77 34 18 50 66 18 6 40 65 23 34 17 70 54 8 24 9 65 77 0 85 0 86 88 18 29 22 29 82 16 52 11 50 70 13 68 88 20 8 53 95 42 71 65 49 79 41 58 96 70 59 33 22 97 22 40 27 44 70 61 60 22 24 62 92 38 31 32 10 39
-6 3 62 0
-86 58 -17 0
-81 13 55 0
-1 -63 90 0
-65 82 93 0
22 -75 57 0
78 10 -72 0
-62 -6 -95 0
100 55 26 0
48 83 88 0
-41 96 -21 0
-25 -98 -65 0
-97 84 -68 0
95 91 51 0
-59 -13 36 0
-88 -34 79 0
93 38 -43 0
-56 16 -92 0
-74 43 31 0
7 -77 31 0
-58 85 -52 0
45 65 37 0
-75 -8 -100 0
-39 -40 77 0
-75 60 25 0
32 -64 -77 0
-35 -20 -46 0
90 -37 -65 0
-13 46 77 0
34 -51 -68 0
14 -19 -23 0
-80 -94 22 0
10 2 -31 0
100 -44 -84 0
-44 -6 98 0
-21 10 19 0
70 31 13 0
20 21 38 0
77 62 -100 0
-94 -38 96 0
23 -99 -7 0
23 32 -55 0
84 -96 -98 0
-77 -90 -69 0
11 -72 55 0
-25 -16 76 0
-27 -21 -82 0
63 76 83 0
-14 -53 98 0
49 34 -11 0
42 -48 -36 0
12 29 -24 0
-13 6 -66 0
59 16 9 0
71 69 -17 0
44 61 95 0
11 -12 18 0
-16 -21 -60 0
-39 -74 -30 0
-54 41 84 0
22 83 67 0
-18 5 43 0
-66 41 -78 0
66 6 38 0
-92 65 26 0
-92 77 -6 0
19 54 -48 0
-89 -85 -59 0
12 -77 86 0
38 -66 -93 0
-67 95 -100 0
-25 45 73 0
2 -31 12 0
17 -25 -7 0
61 65 -34 0
-62 44 28 0
-72 41 38 0
65 97 34 0
-60 58 2 0
-96 -14 49 0
44 56 -54 0
95 -54 89 0
43 -58 45 0
77 88 16 0
63 56 95 0
-65 -30 -82 0
-34 -14 -11 0
-53 -79 -57 0
-93 -61 15 0
37 66 -33 0
30 7 10 0
67 -8 -88 0
6 -36 27 0
96 3 17 0
19 -23 -50 0
2 60 92 0
38 -56 3 0
-41 -44 72 0
-3 -47 -25 0
-94 97 11 0
-59 48 20 0
4 -49 18 0
33 60 -62 0
71 -96 -21 0
-76 14 -3 0
59 -47 -99 0
-51 61 76 0
-30 -100 -58 0
-47 -89 27 0
85 56 -47 0
51 59 60 0
-58 -27 -30 0
89 76 1 0
55 100 63 0
7 64 -98 0
37 29 -43 0
73 -49 20 0
-41 38 99 0
-50 34 -67 0
-23 -84 8 0
52 43 -71 0
48 -49 -23 0
-63 -69 47 0
26 14 -85 0
58 -4 -97 0
-40 -70 -59 0
37 83 -20 0
-53 3 -50 0
14 81 42 0
-13 40 33 0
-84 -35 100 0
-56 81 -83 0
-14 -45 51 0
-93 56 32 0
88 -58 -52 0
51 -83 -40 0
-94 38 -79 0
-34 -12 57 0
-35 55 -13 0
-17 -13 60 0
-85 91 -71 0
-49 95 76 0
-13 7 46 0
68 29 -48 0
64 11 88 0
39 24 18 0
86 90 -41 0
-41 26 46 0
-82 89 17 0
94 91 16 0
-95 60 -2 0
73 -37 -40 0
-80 -29 -74 0
-11 -23 -88 0
38 45 -5 0
19 98 87 0
-50 -96 -73 0
-74 97 -7 0
-88 -75 100 0
-84 45 -46 0
-65 -37 39 0
98 29 -1 0
-66 96 -71 0
91 -47 75 0
10 -20 74 0
-49 -9 -59 0
69 62 -50 0
42 64 -90 0
-96 100 -22 0
-45 62 25 0
33 -22 29 0
78 91 61 0
59 11 -26 0
82 4 61 0
59 46 -23 0
1 33 -44 0
35 -49 42 0
-53 45 19 0
-53 34 -85 0
36 -18 95 0
-44 -27 51 0
-100 -29 -23 0
55 86 -25 0
-58 88 86 0
-51 -76 -98 0
-3 -28 -58 0
-30 87 -91 0
70 16 29 0
-25 24 -38 0
70 40 -38 0
29 31 -54 0
67 62 63 0
-77 -85 -12 0
88 34 -54 0
-40 12 1 0
35 -37 71 0
-66 -34 99 0
-67 -85 43 0
88 -32 45 0
-37 -25 -20 0
88 -70 -21 0
-39 44 -59 0
33 39 -8 0
94 -66 87 0
-84 -41 -32 0
-93 -27 39 0
-10 88 27 0
-70 -26 96 0
13 -66 34 0
82 -96 79 0
-80 25 23 0
74 66 98 0
-97 -47 -87 0
89 65 52 0
88 45 -19 0
100 25 21 0
-75 52 40 0
49 72 -85 0
-23 54 -100 0
94 -9 -83 0
-57 -15 -27 0
85 93 -50 0
-25 -59 -44 0
-75 23 -32 0
-35 -68 7 0
73 -43 -85 0
88 -23 78 0
-27 -74 90 0
-85 -45 91 0
-88 -63 -92 0
80 19 -10 0
100 69 -1 0
63 -36 18 0
-80 -40 61 0
-16 53 -36 0
-37 -97 87 0
44 36 -37 0
87 -93 63 0
69 26 -90 0
16 -91 9 0
69 -26 51 0
-26 -50 57 0
-60 19 6 0
28 59 -92 0
97 99 -18 0
-45 76 23 0
-6 68 -61 0
87 -99 73 0
-71 7 57 0
20 89 24 0
-23 12 -35 0
45 -94 -65 0
-90 17 3 0
65 37 -47 0
68 -47 65 0
44 -97 -49 0
4 55 62 0
-25 -26 10 0
53 -63 15 0
84 -8 -29 0
34 19 20 0
-88 -15 -78 0
6 -72 -74 0
95 63 -74 0
84 -55 99 0
77 -7 82 0
-64 56 -40 0
34 84 13 0
-3 -83 93 0
71 -40 82 0
-79 -49 44 0
-76 -83 92 0
66 -81 -95 0
7 33 81 0
2 -1 -55 0
27 88 68 0
56 50 47 0
87 -3 46 0
-71 -94 1 0
67 -100 -10 0
-17 84 7 0
-73 37 -40 0
-46 80 26 0
82 43 20 0
28 38 24 0
72 88 64 0
-92 -88 23 0
-22 -24 97 0
-27 -73 48 0
-40 -64 -68 0
-53 30 -5 0
91 14 -57 0
48 87 -30 0
-94 -73 43 0
63 25 -59 0
85 -47 98 0
90 -81 62 0
98 -82 -44 0
-7 -25 -76 0
-92 81 -23 0
24 30 75 0
-9 -7 64 0
-57 28 5 0
44 -17 -15 0
-96 -88 -76 0
14 -86 -89 0
-90 83 -33 0
-58 -72 31 0
-59 -1 31 0
-50 -16 8 0
-48 88 41 0
34 15 -23 0
-47 46 19 0
-40 -41 20 0
-58 72 50 0
54 62 27 0
9 39 -83 0
79 53 -35 0
-39 -21 87 0
62 -61 -30 0
23 94 43 0
-15 -49 96 0
-70 2 -84 0
87 48 22 0
-44 84 42 0
-12 -21 -40 0
59 18 -36 0
-77 -34 50 0
54 -19 61 0
-7 -13 -54 0
14 -91 40 0
-36 -74 -31 0
-40 -48 -69 0
76 -42 -60 0
79 -30 89 0
-86 -46 39 0
-87 24 -47 0
78 15 9 0
97 -53 69 0
58 -14 -59 0
56 -7 -75 0
82 43 -4 0
7 87 -71 0
89 -54 41 0
57 13 96 0
-77 73 -96 0
-69 -48 -43 0
51 -5 -79 0
-48 22 -12 0
-56 -81 -27 0
86 -92 -1 0
-9 -30 -8 0
-22 -87 -76 0
-80 -49 74 0
52 12 -3 0
-32 9 25 0
27 -85 -98 0
42 -59 -9 0
-1 3 72 0
-80 -70 99 0
-51 -78 90 0
25 87 3 0
36 49 -24 0
64 50 27 0
-79 -100 31 0
90 -73 51 0
-95 53 58 0
-28 14 -79 0
-38 77 98 0
15 29 -43 0
54 -36 31 0
36 87 10 0
-47 -56 -99 0
53 -38 68 0
73 -46 -59 0
95 12 93 0
-58 -80 -8 0
-6 77 -87 0
-95 -55 44 0
-22 33 -50 0
72 92 -24 0
96 8 10 0
-34 53 -49 0
-95 100 98 0
-27 -24 -79 0
93 -72 -96 0
60 42 65 0
38 18 -54 0
85 -97 -78 0
74 -13 -79 0
43 1 8 0
-22 76 -19 0
94 95 -76 0
14 19 -92 0
-36 11 96 0
-44 -61 -42 0
-75 -96 91 0
6 -92 -14 0
98 -26 -30 0
7 -28 51 0
-62 35 39 0
-39 84 56 0
60 -40 34 0
94 -67 15 0
-91 -55 -79 0
67 86 -42 0
-55 28 -82 0
-39 -63 -38 0
-14 32 43 0
68 50 -9 0
-6 89 34 0
3 31 43 0
72 -83 80 0
-6 75 79 0
-69 -87 20 0
-100 14 -27 0
-90 -9 -26 0
49 -70 83 0
-84 -75 -46 0
-35 -31 -29 0
-80 72 -92 0
-22 -15 -3 0
-77 23 34 0
33 -25 -69 0
26 98 94 0
61 81 -67 0
-71 19 -7 0
65 -36 -19 0
-69 57 -20 0
-6 63 87 0
41 -19 90 0
19 -87 -53 0
99 100 96 0
14 -15 -13 0
-46 -70 -44 0
-63 -50 -91 0
53 -46 1 0
52 61 50 0
-87 70 75 0
-72 -4 -14 0
-68 -78 50 0
-56 -91 22 0
15 -99 58 0
-4 -2 -90 0
68 49 -14 0
-52 -18 -25 0
43 40 77 0
48 30 34 0
92 56 3 0
43 68 -59 0
29 -12 9 0
24 98 -59 0
-79 -32 -34 0
-52 53 36 0
29 75 -84 0
-29 -86 -42 0
97 -52 -98 0
-73 -79 64 0
46 79 -52 0
28 74 -48 0
-25 -33 -14 0
-63 53 71 0
-56 -60 9 0
-16 26 -91 0
-36 42 5 0
84 6 -18 0
-18 -30 3 0
-86 65 94 0
-62 35 36 0
-43 22 58 0
26 -82 93 0
13 4 -83 0
21 62 -7 0
21 86 77 0
58 71 8 0
-88 -82 65 0
-37 36 27 0
58 77 -81 0
29 -93 -90 0
32 90 24 0
48 -81 -12 0
-29 -12 14 0
-97 44 56 0
55 72 96 0
-86 -100 65 0
80 34 -21 0
33 -84 -93 0
79 39 19 0
-32 76 73 0
-2 3 80 0
-49 -10 -92 0
26 -4 -88 0
-83 -2 3 0
4 21 95 0
-88 -41 -50 0
32 55 -49 0
4 -43 89 0
-76 -58 60 0
-46 97 10 0
-32 58 48 0
