c instance by G2
c solution = 1010101000101001111001100100000011001101010110001101100110101100000011110100100001011000010110110010
c Known solution cost is 5022 
p cnf 100 500
w 81 46 19 34 32 1 72 63 78 46 91 78 70 26 19 95 65 81 41 21 9 96 41 54 47 91 52 24 13 26 43 46 72 62 80 56 15 4 19 93 50 11 23 73 89 42 68 6 23 9 27 84 57 69 90 5 12 43 81 77 69 76 24 93 90 56 2 6 61 73 51 63 84 75 36 25 17 56 83 93 17 11 29 75 32 20 32 96 15 65 73 36 41 49 81 31 6 83 89 67
84 45 39 0
81 40 36 0
84 63 -41 0
-62 -28 21 0
71 90 7 0
94 -95 -2 0
-14 -1 48 0
6 -56 95 0
-20 -58 -15 0
80 -64 24 0
66 77 56 0
-31 56 60 0
-75 -64 40 0
-42 79 -78 0
80 -92 -27 0
17 14 -77 0
-28 -30 18 0
20 -4 -72 0
-50 -4 -81 0
57 -36 37 0
-95 34 -32 0
74 30 -63 0
-49 -13 93 0
-27 10 76 0
-46 73 -16 0
-79 40 10 0
1 84 -5 0
-16 86 -67 0
47 -77 11 0
-91 -37 26 0
-86 -97 71 0
31 36 -60 0
-67 -4 -5 0
61 -74 -24 0
-35 83 -3 0
-34 -76 -17 0
-56 -9 -6 0
-98 -3 20 0
22 17 77 0
19 -22 -41 0
3 73 -23 0
-40 -35 -17 0
13 -12 -56 0
-26 -25 -40 0
-85 -15 73 0
-89 -31 -29 0
82 -3 5 0
-65 -50 76 0
-9 -11 -40 0
64 -19 -78 0
53 -67 -11 0
88 -96 1 0
73 -72 -32 0
-97 59 -41 0
66 26 83 0
-21 -38 -57 0
-32 -31 -93 0
50 -65 -66 0
-95 33 17 0
86 3 83 0
14 40 -18 0
-90 -88 40 0
-27 -83 -37 0
-15 -36 -4 0
-59 -56 72 0
-1 -90 -39 0
-21 -96 99 0
11 -84 -3 0
-8 27 -61 0
-99 97 85 0
70 8 -96 0
-99 46 -94 0
51 2 -89 0
68 21 92 0
-47 82 -68 0
-56 62 22 0
-51 -73 30 0
-24 23 -45 0
10 57 80 0
-11 -73 94 0
5 -17 -92 0
55 -29 -96 0
-100 -97 98 0
-12 78 -90 0
-91 30 14 0
-62 19 -66 0
60 -9 97 0
-7 -24 81 0
65 -89 -74 0
47 29 90 0
36 -83 -39 0
-95 37 -11 0
-82 -87 83 0
-38 26 -97 0
-27 30 15 0
-37 51 -2 0
-91 58 10 0
-49 90 -72 0
42 1 -38 0
18 -57 -85 0
4 -2 -64 0
41 -51 89 0
31 56 -59 0
-81 7 -42 0
64 90 87 0
-93 44 55 0
26 -21 29 0
62 -47 -29 0
56 -49 8 0
-36 -4 37 0
-92 57 75 0
12 -100 89 0
46 36 62 0
-77 -26 -88 0
-99 -31 -56 0
-43 -33 8 0
-82 28 -32 0
6 -65 -56 0
-9 -69 37 0
-81 -49 43 0
69 9 71 0
-71 -2 85 0
91 95 97 0
53 -98 -34 0
-48 37 -91 0
-79 -5 41 0
48 33 43 0
62 64 -26 0
-52 8 45 0
-2 -5 92 0
-80 -59 -37 0
-38 59 99 0
-40 75 -97 0
62 -69 -66 0
44 -82 9 0
5 23 85 0
88 -100 36 0
16 -54 -27 0
-51 -97 59 0
86 74 28 0
-92 -100 -82 0
-2 -35 -43 0
-81 -90 -94 0
47 -83 100 0
35 43 -20 0
26 2 32 0
37 17 79 0
-61 -31 -1 0
-78 -55 72 0
-72 49 25 0
-47 68 43 0
-62 47 -32 0
-31 12 81 0
8 74 -93 0
-15 -81 -3 0
62 -79 72 0
90 -62 77 0
-14 57 24 0
-100 66 -71 0
41 59 -43 0
74 -88 19 0
-36 45 -97 0
-31 -6 -9 0
9 -71 -15 0
80 -76 -39 0
24 -88 7 0
-98 -41 22 0
78 -95 19 0
81 -37 -46 0
-76 -90 49 0
-88 -70 67 0
-100 2 24 0
-50 16 47 0
55 -65 -27 0
-90 4 22 0
58 -27 -38 0
-54 -100 22 0
-84 74 -73 0
71 -85 18 0
-9 80 20 0
18 7 -60 0
-94 93 72 0
41 1 -33 0
-64 -30 73 0
6 55 84 0
31 73 99 0
14 52 -31 0
-81 21 -38 0
-98 27 78 0
20 12 93 0
37 -90 -10 0
24 56 87 0
22 -67 -81 0
49 50 -100 0
-43 62 -59 0
-21 43 49 0
39 -58 -34 0
-42 -35 -41 0
13 88 76 0
79 -8 25 0
70 64 -18 0
87 -79 -52 0
-59 50 38 0
-87 -56 -57 0
30 70 12 0
57 -44 40 0
43 81 -24 0
57 53 37 0
-31 -65 -19 0
67 -62 -43 0
45 5 -44 0
-30 88 29 0
37 -92 -35 0
19 -82 83 0
-74 -43 -32 0
-89 -1 59 0
-51 -59 41 0
-8 30 -62 0
65 -14 23 0
34 -35 -99 0
-78 27 -1 0
29 -65 -78 0
-29 25 49 0
-2 83 58 0
-62 -42 -10 0
55 2 71 0
-26 23 -62 0
82 -23 80 0
-34 13 -5 0
-14 -100 -58 0
-69 -18 45 0
96 -38 78 0
-66 -55 83 0
-89 -35 84 0
-19 -59 77 0
-60 -7 -55 0
61 -70 -65 0
-66 -15 -17 0
4 100 -58 0
67 82 -56 0
-85 -84 -24 0
-4 -22 85 0
-7 -83 -5 0
43 -7 77 0
28 -20 63 0
10 39 11 0
-97 -3 -99 0
55 13 15 0
2 -7 -83 0
-35 -7 60 0
-43 -66 59 0
62 83 30 0
-44 71 67 0
7 82 -22 0
53 -61 -98 0
-12 79 46 0
77 -83 33 0
-89 -96 21 0
-80 58 -23 0
52 -96 -71 0
-28 81 31 0
-86 -38 30 0
92 -35 -76 0
-17 -5 23 0
85 -95 64 0
-64 75 34 0
-40 8 -94 0
45 67 -2 0
40 98 78 0
59 90 -46 0
98 -6 56 0
83 49 -33 0
-16 28 38 0
-9 18 -37 0
90 15 -22 0
11 87 24 0
14 51 38 0
45 -10 -16 0
27 -78 1 0
29 23 4 0
26 -67 -12 0
53 -34 75 0
-52 19 93 0
72 -42 66 0
-13 1 -16 0
44 40 -77 0
55 -42 17 0
90 -65 -62 0
39 -43 -63 0
29 5 -99 0
-2 -76 -41 0
25 60 -48 0
33 62 -31 0
-28 100 15 0
70 65 -22 0
94 72 -64 0
69 22 -82 0
16 69 96 0
58 -36 -98 0
-42 -61 -91 0
-11 -84 57 0
-39 72 -36 0
56 -87 -20 0
76 -100 41 0
-46 -37 -45 0
24 -72 -6 0
-73 77 -83 0
-63 -49 90 0
-72 -4 60 0
-22 -58 -30 0
-99 -13 16 0
33 52 -62 0
38 -42 -62 0
50 -1 -3 0
45 -46 84 0
70 76 28 0
12 92 64 0
-48 -62 -57 0
-15 -92 -20 0
73 -24 91 0
-83 -39 -75 0
94 47 74 0
-68 -87 1 0
-55 16 -69 0
79 77 6 0
-39 52 79 0
-11 -86 54 0
49 -17 46 0
-44 -83 32 0
89 64 -51 0
-38 92 27 0
90 -7 -83 0
92 73 29 0
25 -18 -63 0
-60 57 85 0
-27 -36 -18 0
48 -64 -39 0
66 62 9 0
-83 78 -91 0
5 21 68 0
81 12 71 0
-93 -2 -100 0
-53 30 96 0
-54 62 -18 0
-19 51 69 0
62 26 65 0
95 -9 -44 0
16 96 12 0
-56 77 96 0
94 -3 61 0
30 -36 -49 0
31 -96 -39 0
-32 -69 -89 0
27 26 -15 0
52 35 -13 0
-57 -50 -67 0
-55 31 6 0
99 97 -93 0
29 -48 86 0
-50 -60 33 0
-43 -5 -6 0
-48 15 -81 0
44 40 -47 0
-81 -60 94 0
25 33 31 0
-66 2 -1 0
30 -66 -74 0
11 88 -54 0
15 -66 -33 0
-100 23 -50 0
-11 -35 97 0
-5 -42 -39 0
81 22 20 0
56 -74 97 0
31 -54 -52 0
-45 -62 61 0
-43 -36 10 0
96 -1 94 0
-62 -58 75 0
31 -83 32 0
-13 81 99 0
-13 51 53 0
-42 61 48 0
-39 -48 -18 0
-53 -44 -94 0
86 -64 -51 0
46 63 -68 0
-51 39 85 0
37 3 -67 0
-11 -18 -64 0
39 -61 42 0
-78 -59 41 0
29 61 -11 0
63 97 11 0
22 53 -27 0
47 -87 89 0
-40 86 -15 0
-9 36 79 0
-84 5 -14 0
-18 80 -63 0
30 23 -53 0
-19 -10 -94 0
16 -51 -28 0
-16 1 23 0
65 23 -16 0
-16 93 -69 0
62 51 65 0
-71 -78 87 0
67 47 -94 0
-52 -45 -80 0
3 17 4 0
-6 -12 -26 0
87 19 83 0
-2 -40 53 0
44 -27 39 0
-21 32 -30 0
-100 2 5 0
89 -29 20 0
38 -54 98 0
52 63 -24 0
83 -17 -58 0
-37 7 -31 0
-22 74 -76 0
42 -16 70 0
30 93 -77 0
54 -83 85 0
43 -49 -51 0
48 45 -34 0
-21 -73 25 0
94 -4 -46 0
-21 65 11 0
-79 -90 17 0
57 -13 46 0
74 8 100 0
76 34 -63 0
100 -43 31 0
44 95 65 0
-32 -22 69 0
19 -29 -27 0
96 94 -35 0
15 -52 42 0
85 -3 -42 0
-72 -21 13 0
-28 22 -68 0
-4 62 -82 0
-54 -83 -16 0
73 -69 -54 0
-80 53 -44 0
-26 46 -68 0
-33 94 92 0
59 -44 -27 0
38 22 -8 0
-48 -19 -75 0
50 71 -86 0
89 80 -25 0
33 3 9 0
-76 -80 -11 0
-8 -2 -36 0
-24 -81 -73 0
25 -83 94 0
-79 37 26 0
-6 73 63 0
-39 -25 -36 0
-76 -12 23 0
-54 -90 89 0
-72 40 -33 0
24 -91 -12 0
-67 95 -2 0
-93 9 -78 0
-56 -29 81 0
-58 -88 39 0
-2 -71 -10 0
-60 9 79 0
23 96 -79 0
-10 94 68 0
34 80 -93 0
-79 28 17 0
87 13 81 0
-82 59 86 0
-55 100 44 0
-31 19 -64 0
99 13 -87 0
-36 82 94 0
50 27 83 0
-75 20 -38 0
27 -30 29 0
-27 98 -72 0
7 59 -61 0
-45 -94 68 0
58 -37 84 0
40 82 48 0
80 16 -97 0
49 -61 -48 0
-92 -73 47 0
46 -41 -69 0
-52 83 96 0
-26 -32 -29 0
-84 9 -12 0
8 -68 -92 0
-77 7 43 0
