c instance by G2
c solution = 0101111010100110001001101100110000111100111100100100001111110110100010111001001011111001110111101111
c Known solution cost is 4909 
p cnf 100 500
w 68 12 10 20 10 92 70 16 31 98 36 9 40 47 77 36 98 98 90 41 20 25 11 94 88 48 77 41 68 49 92 36 14 55 8 76 47 30 92 78 80 29 39 21 28 16 9 26 66 51 67 86 77 30 81 17 78 10 58 98 11 2 86 25 9 94 1 56 25 46 87 5 27 26 78 55 95 88 33 61 39 52 0 16 35 81 85 13 43 95 64 54 98 50 32 7 97 85 16 22
-44 93 -56 0
38 43 -64 0
90 35 36 0
7 87 -97 0
59 -2 49 0
-51 2 100 0
70 -13 -31 0
-50 57 -8 0
-26 17 -40 0
-37 -52 -72 0
-89 -12 -47 0
3 44 -6 0
-11 -54 -72 0
-85 -37 -64 0
-42 -91 -68 0
-40 -83 -4 0
-56 -39 37 0
-16 56 -19 0
55 5 -91 0
57 45 46 0
-54 -79 23 0
22 -81 -83 0
32 3 82 0
-83 -67 18 0
56 81 -41 0
37 -85 -40 0
-49 10 65 0
72 -27 94 0
-79 17 -24 0
49 96 47 0
19 20 78 0
-70 39 17 0
-17 57 -26 0
-100 90 -19 0
-26 48 -77 0
14 -61 -25 0
-80 56 31 0
6 45 -73 0
-80 -41 -63 0
20 6 5 0
-29 35 -95 0
-29 30 -45 0
23 -69 50 0
6 15 -83 0
98 -95 77 0
47 30 54 0
-1 -77 31 0
-55 -15 -45 0
9 -83 -19 0
-1 46 47 0
41 -27 -17 0
10 -81 -18 0
-92 -87 -64 0
-20 10 -9 0
-84 -69 -86 0
-74 96 78 0
-33 40 49 0
-9 51 38 0
-43 68 58 0
6 -45 65 0
-94 33 -53 0
-19 90 98 0
-41 -45 61 0
38 24 -87 0
-92 91 -75 0
60 96 -94 0
-20 -57 23 0
-79 -75 -74 0
59 -63 -12 0
-49 -65 -2 0
63 84 -1 0
3 -18 -71 0
70 91 -77 0
29 74 33 0
35 -68 -11 0
-95 27 -66 0
-83 -51 -15 0
-80 -2 -89 0
91 -98 -1 0
-74 49 14 0
-44 80 4 0
72 -93 -81 0
-44 -8 -54 0
25 -75 -33 0
16 -48 53 0
-94 25 44 0
-33 23 49 0
9 -95 -57 0
14 -66 26 0
-43 22 56 0
28 92 16 0
-98 -11 73 0
52 58 -60 0
-66 -58 -41 0
26 36 86 0
-28 -43 -57 0
42 91 -14 0
71 -59 -76 0
-70 63 -9 0
60 -36 -96 0
-60 34 7 0
-3 55 86 0
53 100 -37 0
96 90 87 0
-36 -92 -75 0
70 -64 -8 0
45 -5 -28 0
39 51 79 0
-6 56 11 0
-98 -73 26 0
64 -24 84 0
91 29 96 0
83 45 -19 0
-28 -93 76 0
41 -19 61 0
54 -53 -6 0
-41 -33 51 0
-45 59 -99 0
85 39 -84 0
19 -55 -29 0
47 -100 -67 0
25 -9 -23 0
7 50 -40 0
51 -68 -58 0
-37 18 -8 0
61 -91 -49 0
-84 -44 63 0
52 37 14 0
55 36 95 0
81 82 -73 0
-52 -69 -96 0
2 68 -92 0
68 15 25 0
2 60 -91 0
34 72 -88 0
-65 -38 36 0
-75 -56 -88 0
70 60 -6 0
80 22 -26 0
71 -78 6 0
-38 -12 4 0
79 -71 -94 0
-77 -73 -92 0
5 89 67 0
49 -64 18 0
-19 5 25 0
-89 -69 88 0
55 -59 -9 0
-5 60 -58 0
12 -66 -69 0
73 -74 -40 0
-28 -99 -3 0
-34 -76 -21 0
-3 80 23 0
43 3 29 0
-32 40 82 0
72 -8 -5 0
-22 65 -58 0
74 60 -98 0
2 43 -28 0
28 -27 -44 0
-91 -76 -63 0
64 19 38 0
28 81 -15 0
-32 11 58 0
-87 -62 -60 0
-56 50 17 0
68 13 56 0
39 68 23 0
-28 77 54 0
-31 64 -9 0
100 -62 -6 0
-40 -65 -23 0
-67 -14 -32 0
4 82 50 0
-37 -50 -39 0
-13 -22 19 0
-80 -13 -29 0
37 -14 -25 0
-90 83 -63 0
54 -19 43 0
85 83 -43 0
-22 90 -48 0
60 4 97 0
81 -92 25 0
-40 -65 -31 0
-82 -51 19 0
76 44 58 0
-83 91 -52 0
-80 67 58 0
8 49 -31 0
-62 -87 15 0
86 28 -13 0
95 -19 60 0
-59 -76 -31 0
-78 60 -94 0
41 -13 -25 0
-79 36 -69 0
-89 -21 32 0
24 58 20 0
11 -40 -64 0
-61 97 -42 0
64 -53 92 0
11 12 -3 0
92 15 -40 0
-69 63 -24 0
-50 48 7 0
-58 -12 -65 0
-78 -5 -17 0
54 13 -66 0
-38 87 -17 0
-54 34 78 0
-70 13 -69 0
-68 -47 -56 0
93 79 86 0
-77 -48 53 0
74 45 89 0
35 91 90 0
-44 -49 -15 0
-6 -4 -49 0
-92 2 -84 0
50 2 -8 0
18 3 97 0
-56 10 -77 0
1 67 62 0
93 22 -74 0
-68 -19 84 0
-97 27 -54 0
-42 9 41 0
80 73 -16 0
92 97 9 0
-50 30 -93 0
-91 33 58 0
-18 49 84 0
14 -97 21 0
-26 -93 63 0
-57 2 -71 0
17 -98 89 0
-77 86 -83 0
-56 -85 -77 0
78 100 43 0
8 -19 -33 0
-78 18 -44 0
-9 81 -97 0
-10 26 -57 0
-15 62 14 0
35 75 52 0
-25 4 30 0
28 63 82 0
-80 74 67 0
49 22 17 0
12 26 81 0
50 11 56 0
37 -53 -6 0
97 49 -76 0
32 -16 -5 0
-53 -90 -13 0
61 -10 87 0
99 -95 4 0
-81 -11 99 0
34 71 -56 0
45 6 57 0
61 88 57 0
12 -34 -79 0
-38 67 85 0
-42 48 -46 0
-39 -34 -91 0
69 -42 52 0
19 -14 55 0
-72 92 -2 0
-93 59 -84 0
40 -36 95 0
43 22 64 0
48 -28 -57 0
-11 58 -56 0
82 24 -25 0
-61 -31 28 0
74 -12 90 0
-22 -71 -80 0
-31 -35 -86 0
57 -45 100 0
74 82 95 0
-84 13 29 0
-54 -93 88 0
-80 81 -11 0
-3 -42 -50 0
-56 -76 44 0
-77 16 -36 0
-10 -18 4 0
-31 -14 95 0
-96 17 48 0
-26 -43 -70 0
-40 8 94 0
-45 55 7 0
-16 -69 -35 0
-59 -61 -44 0
43 -26 20 0
64 62 96 0
33 48 -24 0
5 75 100 0
-73 76 40 0
-4 78 -86 0
-19 50 -58 0
9 -44 94 0
67 43 63 0
-31 84 -59 0
5 22 70 0
83 32 -42 0
-32 61 -89 0
-70 -27 90 0
74 -67 39 0
-69 -17 -15 0
-50 93 80 0
-10 32 62 0
-39 -86 53 0
-86 95 -44 0
-99 38 8 0
96 -1 -78 0
-55 30 -15 0
3 92 -29 0
79 51 -92 0
-20 12 71 0
-80 -5 -70 0
-4 -18 51 0
18 63 89 0
63 29 -9 0
-22 -92 99 0
2 36 23 0
-12 28 -29 0
-84 -27 -54 0
-8 75 -39 0
4 -7 24 0
33 -10 -9 0
100 51 19 0
6 -59 -36 0
74 94 -53 0
12 14 -36 0
5 -32 35 0
-30 -78 75 0
-76 58 79 0
44 63 -51 0
67 65 -93 0
-77 -19 7 0
18 -84 73 0
90 -69 -62 0
-23 99 19 0
94 -25 34 0
-25 88 -32 0
62 -48 -63 0
72 97 44 0
-41 80 -16 0
-34 20 99 0
15 47 99 0
54 38 -16 0
-71 -6 62 0
56 87 -99 0
-28 24 -62 0
24 47 2 0
-18 -50 -22 0
72 -23 -89 0
-40 92 13 0
-22 -19 -8 0
-25 -47 50 0
83 38 -52 0
7 -50 13 0
-72 -62 -3 0
61 59 -15 0
-4 -33 -8 0
73 -74 -93 0
-54 -72 58 0
-57 -27 2 0
-2 -7 85 0
85 33 -31 0
-11 14 -63 0
18 1 -67 0
-78 -93 31 0
37 66 -10 0
51 74 -27 0
82 -91 -48 0
-31 92 -57 0
17 85 -98 0
56 -4 30 0
4 60 -76 0
-40 -1 -52 0
-2 74 65 0
-54 91 -17 0
84 12 7 0
-89 29 -54 0
27 22 95 0
-85 73 51 0
-71 90 85 0
92 7 -35 0
-27 41 -78 0
-40 -65 -16 0
-41 -49 23 0
-35 60 -53 0
11 -36 -5 0
8 -13 -88 0
27 -18 60 0
87 64 30 0
52 88 81 0
13 -54 -42 0
-95 72 -59 0
-30 18 -96 0
77 22 -36 0
32 -7 65 0
-82 81 -77 0
-6 -46 -28 0
-3 -96 89 0
-57 -96 -30 0
88 1 2 0
37 15 -90 0
37 -27 -65 0
43 29 -61 0
30 33 -85 0
33 76 -34 0
-27 89 -97 0
29 37 -91 0
83 -81 -5 0
-74 -85 54 0
35 49 -42 0
52 63 -11 0
5 -59 -99 0
-51 43 -5 0
-45 38 86 0
-33 -81 7 0
-62 76 19 0
84 -85 -75 0
27 -95 6 0
-96 -75 81 0
41 18 60 0
-43 -1 -63 0
-2 64 -87 0
19 38 12 0
14 -98 -9 0
-60 55 63 0
-93 97 94 0
33 -22 -17 0
71 77 90 0
53 27 23 0
-95 -79 -49 0
-90 98 -91 0
-21 8 -29 0
75 -32 17 0
39 31 9 0
-80 -32 -99 0
47 -90 55 0
-5 -35 -34 0
-5 90 -92 0
58 63 -29 0
-86 94 -90 0
97 -26 -19 0
59 70 24 0
-1 -69 64 0
11 -1 -22 0
-77 -26 -1 0
41 -32 -25 0
-85 -20 -93 0
-52 27 20 0
46 -91 -55 0
47 -98 56 0
-68 90 -48 0
64 82 68 0
27 -51 53 0
-56 -70 85 0
49 21 -40 0
26 -79 18 0
31 -22 15 0
60 63 -28 0
-99 -97 -33 0
75 -52 43 0
-47 -67 88 0
45 15 40 0
-59 96 -28 0
-57 -18 -77 0
15 21 18 0
34 -81 -45 0
-82 26 -39 0
11 33 -68 0
12 77 5 0
-83 7 -9 0
84 -97 91 0
-72 43 -49 0
74 -28 -5 0
-38 -53 -93 0
-61 -49 -18 0
-48 -94 -13 0
-65 43 1 0
-9 85 -19 0
80 -78 57 0
-27 -96 2 0
71 -59 -46 0
-71 19 -88 0
-86 -79 70 0
15 30 75 0
15 -93 -65 0
28 11 94 0
-97 -69 44 0
62 31 37 0
12 72 4 0
