c instance by G2
c solution = 1100001010010001101001011011010000001100100000110010000101010010110001011010011011111101000011000000
c Known solution cost is 4661 
p cnf 100 500
w 57 66 86 4 44 66 39 40 55 58 92 88 18 21 91 25 34 74 73 63 35 70 95 22 71 70 57 10 46 76 43 3 95 81 59 39 48 51 32 3 9 76 43 79 49 34 57 84 9 30 47 96 0 94 19 23 64 28 34 62 4 29 18 51 10 77 91 58 28 75 13 90 51 57 21 0 43 78 36 4 60 35 1 12 29 72 36 46 0 22 8 56 51 78 8 61 56 51 72 36
-79 90 41 0
-5 -86 18 0
-10 59 -47 0
-5 61 -56 0
-79 -29 -74 0
-40 64 -62 0
49 -16 -32 0
80 62 75 0
-67 -6 -79 0
-56 24 -68 0
-15 99 -79 0
54 -80 4 0
72 -28 -1 0
25 35 -31 0
-45 -35 -43 0
-60 -9 19 0
-76 -9 86 0
-14 45 55 0
-34 -15 54 0
-79 -74 8 0
-59 74 -90 0
87 -77 79 0
61 26 -34 0
-54 -53 14 0
-60 -86 -32 0
42 12 8 0
22 86 39 0
9 95 24 0
48 -40 16 0
-74 98 40 0
-25 -99 3 0
17 -26 42 0
-93 51 35 0
-71 94 15 0
100 7 35 0
98 -44 99 0
50 -46 -58 0
-61 53 36 0
-6 55 91 0
68 61 -59 0
74 28 -57 0
60 -14 -13 0
-36 -18 7 0
-64 -18 82 0
-49 96 74 0
89 75 -19 0
19 -81 -22 0
53 47 62 0
80 -89 -2 0
63 11 -82 0
-35 -14 60 0
-17 -13 -60 0
25 -65 -74 0
-85 3 -39 0
-37 -15 53 0
-68 22 -42 0
39 -76 -66 0
-23 78 -87 0
-35 -79 -93 0
29 76 86 0
61 -75 -67 0
98 8 1 0
23 12 36 0
-73 -3 31 0
-62 -79 19 0
-68 91 49 0
84 -56 79 0
-17 -96 77 0
65 22 2 0
-41 -88 28 0
50 66 24 0
-92 69 2 0
-11 62 28 0
-13 -31 5 0
76 -12 -52 0
3 49 -40 0
75 -33 -29 0
-62 71 42 0
-86 -23 -51 0
68 -54 50 0
34 -1 -36 0
11 93 -63 0
-23 95 3 0
-85 86 -29 0
-63 -33 -34 0
99 -73 -23 0
-40 54 -7 0
-99 -15 -45 0
-84 -92 9 0
10 -18 -57 0
71 -78 -23 0
91 -62 -63 0
-53 -56 -36 0
-14 -74 29 0
35 77 7 0
-69 87 -73 0
7 -96 13 0
-15 21 -98 0
85 -32 -36 0
88 22 87 0
-84 93 -5 0
53 -60 9 0
46 -8 -1 0
-81 -64 -19 0
-27 -75 -98 0
-79 -5 -90 0
-4 -6 -52 0
33 -92 -58 0
64 -92 -40 0
35 -80 -100 0
12 -55 36 0
5 -36 -2 0
-65 -45 -73 0
45 -66 17 0
-22 -95 -90 0
-99 77 -7 0
17 -63 36 0
-85 -60 88 0
83 96 51 0
-78 47 3 0
31 -62 -35 0
92 80 -21 0
60 71 5 0
-69 80 -7 0
-25 22 74 0
35 8 -26 0
52 -76 -47 0
8 -42 16 0
-92 -77 10 0
-40 -18 -80 0
-86 -80 -9 0
31 -65 37 0
-80 -11 -35 0
-16 -100 -75 0
28 -76 97 0
57 -64 2 0
-49 -85 29 0
-29 99 4 0
42 60 -10 0
-91 28 -45 0
-97 -78 -45 0
-92 -26 24 0
-16 -7 27 0
46 89 -98 0
81 1 -32 0
24 -56 50 0
-57 59 -71 0
65 -91 -23 0
92 65 44 0
96 21 84 0
50 58 -83 0
-26 -69 -89 0
-24 -25 37 0
-44 -4 23 0
46 -23 -71 0
33 -92 -3 0
76 -99 -95 0
56 -49 35 0
-70 -50 -2 0
65 -69 88 0
-19 72 15 0
95 26 83 0
-34 14 36 0
-47 21 75 0
9 7 -52 0
-51 -4 -18 0
89 92 86 0
-61 40 10 0
54 -95 9 0
37 -45 2 0
27 2 93 0
54 97 -13 0
-53 -72 -70 0
24 -44 45 0
-23 69 44 0
93 74 69 0
35 -75 17 0
23 -16 -13 0
-62 69 -71 0
62 -6 -1 0
30 11 46 0
42 27 -81 0
100 88 11 0
20 -87 3 0
78 20 14 0
-62 -59 -19 0
-84 37 -47 0
53 -76 71 0
8 -37 12 0
24 -73 -98 0
-66 -76 -78 0
58 -2 39 0
-77 45 21 0
82 -51 -73 0
-37 41 10 0
-33 54 -56 0
21 -27 85 0
-4 -84 -38 0
72 96 -21 0
17 -30 -74 0
-12 -70 -20 0
-15 -91 44 0
-81 -59 36 0
7 91 -3 0
-69 -68 -99 0
-21 -70 49 0
-95 74 59 0
-52 -97 77 0
51 -17 39 0
-57 73 34 0
1 56 40 0
-83 30 -25 0
-90 -56 22 0
-23 60 -78 0
86 -76 40 0
-16 -20 -27 0
37 54 -12 0
-50 89 66 0
31 13 58 0
99 22 -59 0
87 79 82 0
-39 71 -27 0
-76 -85 48 0
81 62 40 0
-49 81 -79 0
-3 95 -64 0
30 22 -60 0
52 78 16 0
-49 -91 59 0
-21 -83 -48 0
-74 4 -21 0
99 79 32 0
92 -61 -43 0
-53 -57 -47 0
22 -95 -35 0
13 -50 -47 0
79 -54 33 0
83 -95 -28 0
-7 -44 82 0
19 46 -80 0
63 74 29 0
40 -44 -57 0
94 -9 70 0
91 5 93 0
-44 74 79 0
92 66 -69 0
10 63 80 0
-81 -35 -34 0
86 -20 -63 0
-13 97 65 0
-92 91 38 0
48 -7 76 0
47 86 -16 0
-45 -62 84 0
-32 18 90 0
-97 23 91 0
50 -9 -95 0
92 -30 7 0
-30 -7 56 0
-12 -100 35 0
-55 20 -16 0
100 23 -53 0
-29 -24 -41 0
-33 94 -21 0
-20 15 12 0
18 56 92 0
32 -58 -97 0
21 4 -55 0
-10 48 -18 0
-44 -16 86 0
51 -95 88 0
-70 -46 -84 0
-29 32 -86 0
-20 35 -24 0
39 51 -74 0
85 -17 -27 0
21 30 -99 0
45 -9 28 0
-33 -24 26 0
13 -62 96 0
-42 -55 -96 0
-29 87 -17 0
1 17 19 0
-57 74 39 0
-68 27 -39 0
-80 -36 27 0
-39 32 76 0
-10 -47 -32 0
13 -55 -20 0
-20 63 -60 0
22 77 -17 0
42 -48 70 0
-88 53 -31 0
72 -18 -15 0
-43 23 -52 0
-2 69 -77 0
-3 50 -55 0
-65 -2 -36 0
-66 -17 -87 0
23 -51 86 0
-11 -73 100 0
58 -28 54 0
93 -84 11 0
-18 -90 2 0
-48 -19 -68 0
39 -72 -11 0
-2 72 28 0
2 31 68 0
30 -89 22 0
75 -2 15 0
22 89 19 0
-24 1 -89 0
-81 20 -59 0
-55 35 96 0
70 67 100 0
-6 -73 -99 0
44 2 -69 0
3 -92 36 0
-99 -71 -70 0
-69 -28 74 0
82 3 -83 0
36 -79 73 0
-17 70 3 0
51 -26 -58 0
54 -20 -97 0
-57 74 -17 0
-71 32 -100 0
-62 29 -73 0
-90 49 -86 0
2 48 100 0
4 7 -9 0
-74 34 -82 0
81 -74 93 0
-37 -76 20 0
-61 62 88 0
-89 -92 93 0
-71 -28 10 0
6 -67 50 0
-100 9 -70 0
98 -18 -58 0
95 -31 -9 0
86 -17 -11 0
43 57 75 0
73 -29 23 0
63 91 -3 0
25 -48 98 0
20 4 -35 0
64 57 38 0
92 16 -2 0
-31 -67 -28 0
-57 50 -69 0
-11 3 -26 0
56 -74 69 0
-4 -88 36 0
87 -66 -43 0
-53 -80 37 0
39 58 -67 0
25 98 69 0
-8 39 3 0
79 -12 90 0
38 8 95 0
-49 -17 -60 0
97 86 57 0
-45 -74 -34 0
49 36 -35 0
24 -43 -36 0
64 95 -40 0
37 90 19 0
36 83 -92 0
-32 -21 -56 0
-2 39 -57 0
-56 31 -40 0
-17 28 -54 0
37 16 -48 0
-65 -73 -87 0
-26 -99 76 0
-1 -50 -47 0
-30 -44 -17 0
96 51 -100 0
36 27 100 0
-100 -88 -11 0
69 -37 -71 0
-40 -51 -96 0
-4 -16 -59 0
62 22 -1 0
-3 86 -25 0
89 73 -81 0
61 6 -50 0
29 -3 -81 0
-27 -91 -39 0
60 -82 -71 0
-29 -78 25 0
75 28 80 0
-67 -84 16 0
50 -76 23 0
-80 99 83 0
-98 -69 67 0
-52 11 87 0
-87 74 92 0
39 -14 -70 0
69 -10 90 0
-8 6 -69 0
98 57 65 0
31 -81 -61 0
-66 -96 -20 0
-19 45 -99 0
92 -54 86 0
15 42 -92 0
53 24 -90 0
46 9 13 0
-21 80 7 0
59 -40 91 0
-2 -58 -49 0
63 59 -13 0
54 2 -23 0
94 -15 -12 0
61 36 -90 0
-17 27 36 0
77 67 -14 0
-47 58 -27 0
-32 88 40 0
28 -1 62 0
-89 -5 34 0
-97 -30 35 0
-77 -50 22 0
18 77 -36 0
-30 98 41 0
-12 -72 30 0
-55 -24 73 0
50 -53 -25 0
8 22 21 0
48 -95 -68 0
94 -48 -85 0
-43 -22 91 0
-97 20 -32 0
53 27 -15 0
91 12 64 0
63 -81 9 0
57 1 -83 0
-57 24 43 0
-6 -81 -36 0
10 36 81 0
4 31 84 0
1 -67 -40 0
13 -80 -91 0
78 51 98 0
77 -13 -89 0
-83 -73 -3 0
44 -92 100 0
-9 -62 99 0
46 -68 59 0
59 -11 47 0
-52 28 5 0
24 65 59 0
-69 14 80 0
-46 17 93 0
62 76 -96 0
43 92 -62 0
-93 -39 20 0
-55 -10 -42 0
79 28 60 0
38 64 66 0
-74 -76 -87 0
-28 89 -52 0
-10 53 -80 0
-52 47 58 0
47 54 97 0
81 -3 15 0
56 47 80 0
-25 -98 -24 0
-6 66 74 0
-40 -67 -80 0
-88 31 1 0
-65 -62 -87 0
27 -21 67 0
-33 40 -51 0
62 8 56 0
37 63 93 0
-61 -30 -23 0
-35 -23 -90 0
21 66 40 0
-55 12 -59 0
-22 -10 -71 0
4 71 -6 0
-66 -98 -25 0
28 -69 -54 0
-70 95 -91 0
-57 63 -62 0
-3 -4 73 0
-42 -25 77 0
-75 34 83 0
68 62 38 0
-45 10 86 0
-71 78 -70 0
-29 -8 -25 0
28 67 43 0
92 -19 24 0
45 -15 11 0
-48 23 -57 0
56 7 -35 0
