c instance by G2
c solution = 1000100110001110010111001011000111101000000101001010110000100011110010010010010110101111101001110111110001000111100011011110001001110010100011101101000001001111001100100001111110010010111010010101101001110101101100010101100111001101000111001110011001111110011111011100010100101100011010010111110001100100111101111010111110000000111111000111000111100111111110011100001010101110010101010011010101001101
c Known solution cost is 19749 
p cnf 400 500
w 19 17 50 7 31 42 97 50 71 6 5 33 28 55 13 89 84 31 86 29 52 8 7 9 21 5 92 20 68 82 25 88 51 75 95 35 69 44 85 92 50 42 77 31 49 91 72 85 74 59 15 26 67 74 35 40 79 80 12 0 62 37 88 14 12 35 49 33 79 86 26 81 80 3 12 30 94 85 15 68 96 82 95 15 56 82 55 88 62 19 88 77 56 28 91 20 63 92 53 94 78 31 27 58 35 40 40 29 77 8 50 25 90 97 40 99 31 47 87 94 18 27 23 26 55 14 46 70 58 51 16 36 35 43 46 70 35 87 51 64 95 53 41 37 50 81 36 82 80 75 28 98 54 51 24 61 17 22 83 75 26 99 63 61 95 61 83 82 0 34 99 47 88 40 85 90 74 73 72 6 1 52 5 55 55 81 17 72 56 0 99 34 52 14 95 99 76 78 81 28 64 32 76 4 73 13 95 99 86 67 5 87 72 62 95 27 96 12 0 52 64 51 86 16 18 33 15 46 63 49 74 27 81 50 84 6 15 79 57 2 46 63 41 70 77 36 98 73 0 50 77 17 1 15 33 71 0 1 17 63 2 92 43 35 94 27 42 10 6 51 64 4 14 57 75 44 46 25 69 98 75 47 15 28 14 49 0 15 2 17 30 4 61 73 39 8 52 33 70 10 85 34 67 51 43 94 47 89 19 17 88 94 16 3 22 30 4 22 45 58 92 76 62 53 1 54 61 54 39 31 16 76 17 83 80 61 77 79 2 48 96 90 94 12 46 17 43 2 91 40 61 35 16 75 89 18 81 2 24 21 86 40 49 3 76 81 16 5 61 19 6 57 61 0 22 59 69 17 62 61 57 23 96 74 50 37 44 32 92 20 5 78 12 6 33 40 88 2 46 49
-325 -351 288 0
8 -254 -121 0
51 -228 27 0
211 343 -345 0
-295 -260 6 0
-208 85 -240 0
84 -378 -389 0
60 334 -262 0
-348 93 -221 0
-269 -59 18 0
185 373 173 0
93 -207 30 0
-142 -186 -276 0
-385 -378 125 0
-139 -369 2 0
-382 259 124 0
-87 -254 -244 0
324 88 -27 0
-89 52 192 0
56 -283 59 0
107 172 296 0
-61 67 -226 0
-252 -288 204 0
38 107 378 0
287 151 -364 0
60 57 299 0
65 -371 -318 0
3 -74 370 0
122 -374 73 0
126 221 38 0
-366 -294 -156 0
-34 -228 -14 0
-35 106 -75 0
-197 -395 200 0
-303 -102 165 0
-398 -171 328 0
87 -229 -173 0
-186 -94 46 0
-67 342 -54 0
364 287 356 0
236 7 -163 0
291 -359 -296 0
69 166 161 0
-300 -277 -123 0
-21 -305 120 0
301 142 115 0
62 -205 -251 0
-185 164 -137 0
-319 134 -7 0
-39 -351 -225 0
-84 -369 129 0
-367 333 -46 0
125 252 -354 0
-135 56 226 0
219 -279 -220 0
-152 -54 -312 0
381 217 8 0
-206 237 83 0
195 -250 -76 0
-331 -181 -203 0
-252 283 214 0
147 96 -299 0
66 -257 220 0
384 -361 38 0
-291 -230 -341 0
-170 -199 10 0
-241 29 232 0
26 28 -69 0
159 233 -351 0
258 -95 -33 0
145 -154 202 0
-260 308 67 0
26 82 261 0
369 82 124 0
105 141 -392 0
196 188 -64 0
66 161 -83 0
132 -264 267 0
-2 -120 286 0
-55 -134 -90 0
-27 15 -88 0
-362 -186 -58 0
102 104 219 0
223 -222 -137 0
-241 288 82 0
121 -338 -130 0
239 3 91 0
54 396 16 0
-249 40 -102 0
324 77 -391 0
-78 362 -334 0
29 150 298 0
-170 -228 -348 0
265 -238 214 0
-121 146 377 0
-158 111 -242 0
-385 127 48 0
-368 -387 107 0
292 108 -283 0
-378 377 -182 0
286 -132 311 0
182 109 -273 0
318 171 328 0
160 106 -281 0
-22 -204 183 0
50 117 363 0
-202 105 186 0
-49 -6 -117 0
76 92 -359 0
-28 15 -261 0
230 155 274 0
57 -152 309 0
346 -111 -189 0
-324 151 -121 0
142 395 -109 0
-130 309 20 0
-233 292 -265 0
366 -381 -380 0
363 -81 5 0
-156 -319 -175 0
337 -187 -128 0
-43 -282 222 0
-20 -321 -235 0
236 -289 -30 0
198 -224 -144 0
-275 243 92 0
113 151 47 0
279 80 -81 0
-29 332 -158 0
-117 3 242 0
307 31 190 0
244 241 126 0
-178 -334 -266 0
-287 -65 -22 0
-399 129 -255 0
-369 129 72 0
257 305 271 0
-168 26 -1 0
275 -206 108 0
-14 -83 -182 0
-362 -41 368 0
101 -310 335 0
-95 -191 109 0
-137 -147 221 0
62 113 -400 0
-171 -132 -41 0
24 307 -340 0
210 143 396 0
-314 -25 178 0
163 248 144 0
-133 286 2 0
-190 -263 29 0
268 -378 320 0
40 -97 188 0
297 -154 360 0
354 193 11 0
-319 -60 -21 0
-312 330 377 0
210 -201 -20 0
-23 372 12 0
-38 114 92 0
289 308 110 0
56 127 249 0
284 -72 -325 0
361 345 389 0
277 56 155 0
42 105 -82 0
-292 134 318 0
160 365 -14 0
156 344 -96 0
-319 125 -377 0
118 215 -346 0
-80 -369 18 0
-29 309 295 0
-176 327 -227 0
248 35 4 0
-166 -173 211 0
14 -294 -135 0
265 -172 328 0
188 355 115 0
-150 -176 62 0
-265 39 319 0
-179 -146 -357 0
167 395 61 0
-64 278 109 0
-202 -272 -134 0
-312 -121 -219 0
56 -182 -361 0
324 212 343 0
112 51 -200 0
39 137 -110 0
-210 -181 308 0
115 286 -328 0
276 283 145 0
-199 -190 -92 0
-218 -90 68 0
136 85 -94 0
400 -167 -302 0
-45 73 -51 0
-366 -84 -212 0
313 -46 -388 0
376 83 336 0
41 -334 361 0
31 380 -85 0
-306 -262 44 0
-75 -132 -19 0
-50 -110 -98 0
396 297 -136 0
3 398 91 0
-269 39 391 0
-183 351 -158 0
286 -127 173 0
-176 397 -334 0
-80 13 178 0
129 228 375 0
-24 41 -305 0
124 317 -167 0
130 11 124 0
396 -254 -47 0
73 112 -95 0
-79 -199 -172 0
381 336 37 0
187 -299 -147 0
-339 47 282 0
-172 -397 -257 0
124 -153 -146 0
-304 -260 191 0
-162 190 -9 0
-192 71 21 0
-302 -176 -24 0
-135 166 206 0
69 189 -291 0
74 -335 -339 0
210 29 -309 0
-71 4 -246 0
272 -83 -5 0
-349 249 -66 0
310 -185 368 0
-221 291 -164 0
-126 375 235 0
179 340 -232 0
-243 -155 -281 0
110 -87 -252 0
-263 68 -253 0
-332 394 4 0
-233 -28 105 0
364 22 -285 0
-193 -285 31 0
33 126 73 0
-137 -169 191 0
36 295 -386 0
-223 -35 129 0
-27 -200 -291 0
-238 -229 -215 0
197 223 -145 0
-159 -211 293 0
338 -265 109 0
218 370 -176 0
248 -196 264 0
-338 81 136 0
-255 -217 -252 0
129 329 269 0
116 373 376 0
-106 220 287 0
-96 147 158 0
266 -164 377 0
216 -315 -254 0
-45 -168 300 0
-133 120 -285 0
245 -190 301 0
237 -229 152 0
-65 -32 290 0
27 -178 49 0
-176 -282 -268 0
-359 199 -46 0
-305 49 281 0
182 174 328 0
-31 -198 362 0
-155 296 240 0
-387 71 -4 0
-258 -400 -322 0
-292 6 -156 0
208 273 17 0
-202 -123 -92 0
-132 203 -225 0
34 -132 -135 0
274 97 -107 0
99 -172 23 0
-218 -126 271 0
-197 -358 -334 0
-367 387 36 0
-352 199 385 0
22 -398 109 0
17 -12 -187 0
263 241 -60 0
40 -301 363 0
-338 175 23 0
300 249 -195 0
150 -49 -31 0
-264 177 -373 0
391 312 223 0
39 -229 -105 0
67 -370 -167 0
-167 -376 -355 0
-220 263 -124 0
27 -117 -265 0
-154 103 382 0
212 386 217 0
29 -296 -96 0
296 116 306 0
-320 -161 -242 0
-90 169 -64 0
342 85 134 0
138 239 -48 0
-161 185 -34 0
17 -99 285 0
-87 201 -70 0
114 284 -40 0
-397 -103 -186 0
-111 296 332 0
-176 330 -274 0
-104 -383 242 0
-285 -98 -281 0
254 -209 -334 0
-256 181 -344 0
-375 -346 321 0
-118 246 -306 0
-203 324 -56 0
-185 -220 -140 0
-283 -239 -69 0
160 -87 -370 0
251 -106 156 0
-393 38 -261 0
389 399 392 0
217 221 307 0
76 -129 -339 0
280 225 57 0
-89 229 67 0
-272 -338 -156 0
-320 -246 -210 0
-248 -285 -354 0
-209 -363 327 0
-185 -376 -23 0
-270 -100 -267 0
61 1 -307 0
-63 198 -396 0
345 -384 -51 0
168 22 -150 0
-290 262 -192 0
-274 -290 109 0
-197 -182 -270 0
166 -72 388 0
-286 -110 -293 0
66 102 -184 0
-34 30 94 0
-298 74 -114 0
109 260 179 0
353 336 4 0
-398 -104 41 0
-204 139 -119 0
-193 -356 -203 0
-147 -330 348 0
123 -266 223 0
323 -277 -343 0
64 366 -332 0
385 -163 189 0
173 -374 8 0
263 63 -346 0
-143 -323 -32 0
355 -206 392 0
148 24 147 0
-187 -355 350 0
-280 -177 -197 0
185 -317 240 0
82 93 255 0
-147 214 -267 0
-166 104 45 0
234 179 -30 0
-112 310 150 0
133 -52 -85 0
339 284 256 0
-174 -104 223 0
363 -269 -145 0
334 -28 117 0
-116 3 41 0
-261 202 -236 0
134 -338 -342 0
233 -272 75 0
-379 -121 -339 0
98 207 -354 0
-241 -353 95 0
17 47 -108 0
215 -366 -167 0
-327 -218 -173 0
-232 -152 -63 0
-90 -332 18 0
-78 -9 -151 0
-99 -73 364 0
-287 71 221 0
-202 -361 187 0
223 85 115 0
7 315 77 0
281 -3 301 0
379 -286 -293 0
-246 -14 -93 0
-80 -264 390 0
217 312 -41 0
89 -368 196 0
86 -69 -106 0
-77 24 267 0
-375 -284 -345 0
24 96 -148 0
228 131 223 0
399 253 -352 0
-282 247 -160 0
326 -377 -340 0
388 3 273 0
-109 -96 -317 0
-383 61 55 0
-138 233 147 0
-62 370 40 0
-176 325 78 0
136 -290 357 0
-44 -220 8 0
-115 -354 -194 0
-294 116 192 0
-12 47 -252 0
240 -397 -337 0
-142 -160 -17 0
-96 -84 -305 0
222 337 270 0
-76 -194 -205 0
225 166 280 0
245 -11 359 0
-141 -254 352 0
-83 -361 331 0
342 145 389 0
-19 -21 -23 0
271 -336 -177 0
6 -149 -110 0
231 127 -107 0
-146 209 -59 0
-282 -55 -141 0
-113 -388 194 0
-297 -398 4 0
178 134 -184 0
-338 -16 -78 0
336 238 151 0
-258 95 301 0
178 301 -57 0
-240 217 17 0
-172 4 -125 0
25 313 -208 0
223 36 367 0
-83 -56 -69 0
-66 -198 316 0
-293 374 -172 0
-375 -68 341 0
56 93 371 0
62 201 302 0
-141 -355 -231 0
-67 -187 -351 0
301 335 224 0
180 -253 76 0
-294 -369 100 0
-27 -320 157 0
-388 -192 -26 0
-188 11 -360 0
226 -166 386 0
-10 -369 -255 0
53 -88 -95 0
-394 -44 347 0
304 135 -236 0
200 -355 398 0
-320 -193 -32 0
-246 -271 155 0
133 54 -145 0
294 116 -238 0
258 325 -351 0
-372 -311 -315 0
249 162 89 0
-89 -164 32 0
41 -365 295 0
-35 68 -245 0
343 51 41 0
386 -157 9 0
184 -214 -247 0
250 -145 -141 0
124 67 -213 0
62 -326 -260 0
231 -316 116 0
198 -42 -278 0
322 -270 -165 0
-36 73 41 0
201 25 67 0
-83 93 -234 0
267 -289 -350 0
90 74 154 0
366 176 31 0
380 44 22 0
