c instance by G2
c solution = 0000111010100000000001100000010110101010000001011010100001010001010011011110001100100000101101000001110100100010010010000010111001110000010010011110100001010110110110010011011100100100000101110101000011111011101101000010111001100001100001010110110110101001100100010101000011000111100000100110000010110001100011100100000010110101110110011010001001001101110100010001110011010110100010100010010010001001
c Known solution cost is 20299 
p cnf 400 500
w 75 6 40 97 19 90 32 10 14 65 6 69 21 40 74 99 14 50 90 49 25 36 64 92 12 18 39 72 9 10 99 84 16 91 81 36 81 65 98 95 31 4 16 4 96 90 55 11 40 46 12 65 34 76 10 98 47 49 70 56 11 69 93 27 60 26 15 93 92 14 40 23 70 8 79 67 98 34 78 39 32 42 56 66 71 66 16 18 67 38 74 78 7 67 6 19 46 21 64 38 87 56 13 58 64 92 25 63 26 55 54 59 49 62 77 20 29 46 38 96 84 13 27 44 32 85 63 78 58 80 68 46 36 81 4 53 73 81 68 52 88 22 11 89 84 40 10 65 86 48 14 71 13 41 15 98 26 30 28 84 62 97 82 51 78 38 4 4 71 72 56 59 46 19 49 82 11 11 0 50 11 14 21 25 7 88 75 33 70 3 69 33 52 4 84 31 42 40 87 14 64 95 25 62 66 26 96 77 89 96 27 1 10 0 26 69 40 1 2 11 56 24 96 9 80 32 92 22 24 79 88 88 26 66 50 92 92 46 69 82 95 49 83 57 1 61 27 42 14 81 53 22 57 1 31 37 33 75 60 57 6 0 97 32 66 99 24 11 97 46 93 92 95 28 50 96 41 77 90 7 10 95 29 68 96 61 5 81 88 65 38 95 66 87 27 84 86 4 95 84 50 88 28 97 68 78 45 61 7 36 68 18 31 98 86 80 11 43 61 99 9 0 94 27 39 74 11 26 78 59 10 28 99 38 77 68 69 22 29 28 10 50 98 42 48 84 22 11 28 83 62 89 35 9 68 75 83 31 53 61 90 15 41 90 5 18 10 74 92 91 55 3 41 53 45 41 90 19 4 70 54 67 11 42 28 79 69 11 62 22 24 53 37 17 95 42 87 57 69 79
-186 -205 -327 0
396 167 328 0
-36 118 -25 0
392 -93 29 0
144 -105 54 0
212 344 -372 0
-79 165 -92 0
136 -195 86 0
-61 9 -99 0
-216 151 -219 0
-138 305 -102 0
170 124 -340 0
149 85 316 0
-372 -29 24 0
136 -199 137 0
117 -300 -53 0
-75 271 -391 0
119 -92 -239 0
210 217 374 0
-243 -10 -290 0
185 -220 -35 0
316 -348 -305 0
-70 -151 -349 0
146 -158 -332 0
274 -114 -249 0
263 391 -52 0
201 -107 87 0
-171 81 159 0
300 228 271 0
-305 -378 -257 0
171 133 386 0
-365 -140 -91 0
331 368 -361 0
-146 -85 98 0
135 216 321 0
314 93 180 0
-130 -345 15 0
76 129 214 0
-387 -125 162 0
-56 -310 210 0
-99 213 186 0
395 332 195 0
-133 95 57 0
228 -58 211 0
-235 -325 306 0
10 62 -90 0
-354 -283 198 0
139 -142 99 0
19 -395 284 0
28 186 32 0
63 369 220 0
-232 -307 103 0
-323 -82 136 0
-350 -296 282 0
-172 -89 -193 0
267 316 -98 0
160 6 126 0
-106 -363 -276 0
-328 35 288 0
-244 187 391 0
286 63 -254 0
-330 -306 112 0
-334 82 195 0
-376 181 230 0
-137 52 5 0
-183 394 -354 0
-175 85 -235 0
-242 196 231 0
-339 49 -23 0
-321 353 122 0
-308 119 -16 0
234 -203 -367 0
182 78 220 0
115 -100 -320 0
280 -227 -293 0
-123 -173 103 0
192 177 340 0
10 241 -347 0
-132 -339 102 0
366 342 85 0
169 -250 362 0
236 184 -67 0
17 133 -293 0
-5 250 333 0
-384 67 -205 0
-249 63 -65 0
80 -369 205 0
-333 -354 251 0
-30 249 301 0
263 -181 -203 0
279 -71 -78 0
213 9 -144 0
-277 219 -48 0
114 -354 -280 0
-32 -61 19 0
-49 -25 -377 0
-352 343 359 0
8 267 -55 0
309 21 265 0
-394 181 -227 0
339 5 236 0
-110 170 65 0
169 -45 113 0
44 -395 37 0
-321 -227 -382 0
82 341 356 0
-16 42 289 0
133 240 183 0
-292 -174 368 0
-8 361 -221 0
-236 -30 -196 0
45 -370 -267 0
115 363 -282 0
242 -6 -165 0
26 -4 285 0
-59 134 -92 0
292 -108 -67 0
-288 -242 40 0
296 110 -88 0
-329 -150 62 0
173 262 -224 0
-89 25 -241 0
127 295 -321 0
-227 -272 308 0
169 55 299 0
233 303 -290 0
216 -265 -165 0
290 396 10 0
-295 109 118 0
266 -176 236 0
325 68 126 0
71 381 -232 0
338 222 2 0
24 -262 241 0
-81 -82 56 0
-207 -259 -182 0
-209 -349 -229 0
104 275 -35 0
239 -116 348 0
83 -360 218 0
-11 -167 -188 0
257 -101 341 0
-244 -392 -223 0
234 211 41 0
-202 -152 -106 0
-41 129 -333 0
-238 -112 272 0
-39 210 221 0
266 384 205 0
85 205 341 0
320 -189 239 0
-123 -71 327 0
-87 63 225 0
-341 -374 31 0
294 69 178 0
187 33 -354 0
-303 32 146 0
-363 170 193 0
-273 -200 36 0
-322 149 76 0
140 -175 154 0
391 65 64 0
318 -54 -102 0
237 48 93 0
78 -71 -291 0
85 -104 -143 0
346 338 168 0
-300 -230 -253 0
197 290 -205 0
272 17 -351 0
-349 399 -3 0
-13 263 -64 0
-166 132 -348 0
16 4 -210 0
312 378 -301 0
219 -143 -395 0
378 -388 173 0
247 -12 262 0
269 165 198 0
185 -64 194 0
168 157 128 0
317 -270 148 0
295 400 -100 0
-350 -104 -108 0
-36 359 -100 0
165 2 28 0
-124 258 -205 0
-375 -170 -73 0
388 -328 172 0
273 -73 -278 0
276 -115 224 0
103 -188 22 0
-117 -170 24 0
2 355 227 0
-315 234 8 0
354 275 -268 0
272 -249 202 0
247 142 -68 0
111 12 -203 0
43 -56 161 0
-391 -270 -95 0
26 86 -338 0
270 59 -78 0
-171 -232 -57 0
62 -393 -234 0
364 -365 -208 0
67 340 -355 0
-337 -93 -212 0
-83 79 212 0
-77 277 151 0
219 -242 252 0
-134 41 -370 0
19 317 -373 0
368 -186 142 0
341 -194 11 0
-159 -316 84 0
272 -38 -281 0
355 -30 191 0
-83 310 62 0
91 134 217 0
228 -214 -357 0
7 -51 347 0
-330 -237 67 0
26 168 159 0
21 30 140 0
176 302 -72 0
-213 -264 -175 0
-27 -280 -161 0
278 289 -138 0
187 -24 -300 0
-279 -325 262 0
-316 366 277 0
-291 377 -305 0
319 101 385 0
-165 259 -398 0
128 341 375 0
27 -203 -380 0
-369 41 -169 0
-290 -63 -256 0
-69 -258 -11 0
-247 325 224 0
344 -120 187 0
-33 -193 76 0
100 -349 -61 0
-253 -126 -106 0
178 281 115 0
-29 282 303 0
105 -64 179 0
28 158 181 0
-135 -242 -5 0
-127 372 -281 0
8 250 -148 0
-73 315 75 0
-174 -311 346 0
-398 -249 94 0
-214 243 392 0
295 -184 -400 0
-309 345 -327 0
273 -43 193 0
-387 -2 -248 0
103 325 -308 0
362 -367 -346 0
315 194 -162 0
384 -159 -386 0
348 -235 -201 0
-49 -387 -163 0
-42 289 265 0
-109 143 -353 0
89 -201 -375 0
-33 -194 356 0
351 73 150 0
-326 -18 335 0
252 -354 -136 0
-284 -165 103 0
132 -281 28 0
-159 -144 -368 0
-17 384 151 0
339 148 136 0
109 232 376 0
62 -44 1 0
46 301 -333 0
116 349 42 0
365 224 -386 0
-175 -113 217 0
128 155 -119 0
329 -323 110 0
-219 -303 105 0
-281 348 -317 0
308 -122 -35 0
69 -197 20 0
-336 5 2 0
170 -396 262 0
168 287 -225 0
-308 -393 -270 0
373 -324 -15 0
-252 -189 -71 0
368 -243 -40 0
-217 -35 325 0
11 298 60 0
2 51 327 0
-360 386 304 0
-300 -191 -136 0
-207 -9 -261 0
-174 79 57 0
-4 186 -369 0
215 -191 260 0
379 -335 -209 0
296 -23 332 0
327 246 -114 0
-31 -155 94 0
167 335 208 0
133 223 -92 0
-326 12 131 0
-35 40 -275 0
-190 164 -390 0
-73 -364 -137 0
93 -16 -210 0
-319 234 166 0
174 398 275 0
380 -128 235 0
-265 262 -231 0
-76 112 148 0
-318 320 263 0
-271 -64 2 0
272 393 -328 0
-379 -39 -370 0
357 -132 -1 0
-168 -256 -180 0
391 -180 -300 0
-281 70 -309 0
-18 112 77 0
81 386 -105 0
-358 -167 -76 0
-23 318 -84 0
278 362 14 0
72 289 -226 0
-218 148 -329 0
-329 -243 -152 0
-135 -25 -335 0
-185 396 -149 0
-64 23 225 0
-313 36 382 0
262 153 297 0
253 65 398 0
302 326 180 0
394 295 397 0
-343 -139 -73 0
74 200 -368 0
-337 -392 363 0
-356 188 -144 0
-97 254 -400 0
-379 -248 -242 0
130 -117 -102 0
217 39 -304 0
84 -286 -311 0
-34 -49 357 0
112 268 379 0
118 271 238 0
-131 -155 90 0
87 385 -263 0
-212 181 -21 0
253 -287 -328 0
-276 34 367 0
289 -157 -207 0
264 -164 389 0
368 -153 292 0
379 -193 2 0
-390 145 151 0
324 380 -172 0
-356 26 -50 0
26 -371 230 0
152 -55 285 0
7 143 1 0
-206 213 -354 0
74 -290 359 0
-268 252 -1 0
185 34 -19 0
298 287 118 0
50 160 323 0
-28 -278 119 0
119 57 245 0
157 -209 125 0
60 63 186 0
42 209 265 0
-228 -400 230 0
-339 -323 107 0
123 258 -311 0
382 -198 320 0
166 -103 348 0
185 -95 -299 0
238 -185 54 0
-47 157 166 0
-372 -333 6 0
-255 4 193 0
254 360 247 0
215 -375 370 0
276 -291 -160 0
112 77 350 0
230 390 82 0
-358 -67 -353 0
-359 -69 -227 0
-179 21 -197 0
-360 -296 -97 0
-289 -154 272 0
-370 345 58 0
-312 -330 335 0
-273 161 361 0
-14 400 -56 0
296 184 -225 0
38 -171 -76 0
92 -202 -243 0
-175 160 291 0
-342 -226 36 0
197 224 387 0
18 337 67 0
-298 15 254 0
274 -21 337 0
-38 302 296 0
-332 -208 226 0
188 14 394 0
-399 31 57 0
-31 -364 335 0
247 -320 165 0
-146 141 371 0
-203 118 311 0
294 144 295 0
-291 -187 115 0
-50 187 -245 0
-350 17 53 0
-394 391 150 0
-174 -326 299 0
139 -310 330 0
41 -26 -144 0
198 381 186 0
-304 175 -222 0
86 3 -121 0
90 80 285 0
-196 327 -34 0
-43 -104 -165 0
203 225 235 0
365 31 84 0
280 106 173 0
-107 243 -77 0
-290 -358 258 0
-166 331 344 0
-81 34 -300 0
-242 -178 -127 0
-137 19 184 0
370 -305 19 0
-92 -252 -9 0
-33 380 138 0
-291 -344 -70 0
148 -323 -14 0
359 103 66 0
90 336 224 0
-285 244 166 0
-219 181 -215 0
-209 -1 364 0
388 65 -294 0
61 -129 -131 0
147 -356 -208 0
-117 393 341 0
256 195 -201 0
-209 296 -231 0
120 383 -238 0
-193 -248 63 0
288 -96 -328 0
-119 -73 -1 0
294 -177 45 0
-369 -20 166 0
-162 -389 -279 0
-226 190 -125 0
94 170 3 0
-260 -322 -201 0
-211 234 -269 0
-207 204 31 0
336 95 56 0
-24 310 78 0
-327 253 350 0
68 109 -385 0
248 -6 50 0
-222 156 -146 0
14 100 200 0
-240 37 163 0
-217 399 -72 0
-24 203 316 0
195 373 -86 0
-69 -118 1 0
387 330 -61 0
-277 -280 142 0
-357 -355 106 0
334 -233 352 0
-331 -365 -300 0
279 -91 247 0
-62 -72 313 0
-194 86 -362 0
207 -91 348 0
42 -111 -302 0
-276 190 -290 0
-143 -134 -55 0
