c instance by G2
c solution = 0110001010001000011100111010101110111100101001000111100001011010001111001101001110000010110011001111111000010100000001111110010100011000001011011101010101000010000000000101011101000000100101111111111100101011111111101110001000111111101000111000010101101001001110000100111011010010100111011110110110101010110101111000110001000011010111110100000000011010110011110100011111111111000101100101110110110001
c Known solution cost is 20248 
p cnf 400 500
w 94 29 94 36 52 61 50 57 40 60 25 11 78 26 38 44 34 32 27 87 21 13 63 38 88 65 99 3 70 42 81 17 71 27 5 23 88 55 33 81 67 10 44 46 37 82 42 23 14 21 10 88 86 25 26 74 43 25 30 65 19 63 82 91 90 88 66 30 43 51 11 11 62 55 9 51 90 3 74 56 24 36 44 11 61 23 37 4 0 67 70 20 82 4 63 72 92 29 3 88 33 66 51 95 74 60 98 64 63 72 72 39 60 17 50 21 92 88 78 92 7 0 64 90 4 27 14 97 9 69 85 42 88 36 89 62 48 87 78 63 59 50 2 71 19 5 92 11 45 22 56 52 22 20 94 27 48 61 76 57 30 13 99 18 1 88 32 49 27 10 64 38 61 66 9 32 71 53 44 68 76 52 73 98 72 67 77 20 80 5 29 11 18 80 81 71 20 14 72 47 24 36 85 37 55 94 22 78 48 18 47 76 70 20 26 42 39 4 63 20 61 92 31 80 25 64 51 45 78 76 93 55 12 78 44 67 25 66 46 25 84 45 1 54 65 27 49 4 83 64 24 45 8 7 25 33 72 28 79 2 56 72 9 69 2 54 88 27 72 86 52 57 31 53 63 96 33 64 53 16 28 77 61 37 37 38 70 9 19 49 63 75 73 73 96 76 79 85 55 51 71 8 60 55 13 76 51 98 40 56 15 69 34 76 58 23 67 28 84 86 30 47 13 3 72 10 31 51 47 87 3 18 47 63 73 12 39 77 11 80 85 26 1 19 54 59 94 73 87 78 11 69 26 25 25 98 87 56 50 34 95 5 52 42 68 78 7 8 7 18 40 92 96 41 64 2 52 58 76 91 89 87 61 15 64 86 65 51 94 67 85 90 72 90 84 93 20 91 53 79
-241 -382 -365 0
-263 -327 268 0
271 -350 384 0
-123 -314 112 0
116 393 -67 0
181 351 -395 0
128 -91 -189 0
-132 -25 -56 0
-386 214 384 0
225 -300 28 0
-70 -121 303 0
71 -395 -243 0
85 128 -210 0
-84 -318 -392 0
-23 -358 -206 0
-346 45 65 0
278 229 -74 0
-383 -184 -67 0
377 385 210 0
-228 156 121 0
-147 337 104 0
303 -14 221 0
227 -223 78 0
200 245 -328 0
179 204 51 0
334 -289 -133 0
-358 142 -205 0
-396 -209 -385 0
-61 192 72 0
-24 -233 126 0
153 370 287 0
-281 277 -10 0
-195 -140 -132 0
62 -78 307 0
-36 183 119 0
149 325 -181 0
-40 210 -323 0
275 -239 -264 0
-85 -308 88 0
85 322 180 0
175 343 298 0
-295 -357 -190 0
356 195 143 0
4 32 114 0
-151 245 155 0
-245 -386 -214 0
115 -272 -93 0
-120 -50 274 0
23 359 363 0
-238 76 -331 0
-355 109 -322 0
-267 -393 189 0
-122 180 -160 0
166 -242 -362 0
-250 146 153 0
257 -21 28 0
-135 -388 168 0
308 -218 340 0
331 104 205 0
-278 -154 -368 0
-373 -43 97 0
-351 -186 44 0
-309 -18 -100 0
345 -44 -79 0
-351 354 -265 0
314 -378 356 0
-245 136 -196 0
22 -112 341 0
69 -227 184 0
119 278 -312 0
211 116 -54 0
-342 345 282 0
138 239 137 0
-150 161 -287 0
215 -87 -284 0
114 365 -116 0
199 113 -174 0
378 236 335 0
-29 -57 -154 0
-83 -211 -37 0
-144 -174 194 0
101 85 -288 0
395 -33 278 0
-266 -175 -22 0
291 -303 28 0
-261 -290 -350 0
-229 89 309 0
325 -16 4 0
-351 -367 -321 0
209 -81 255 0
-163 -214 -36 0
331 -136 -24 0
131 30 310 0
-253 -125 391 0
302 60 363 0
-128 147 -134 0
261 -209 47 0
345 -15 -172 0
285 91 42 0
143 -47 283 0
-12 -119 11 0
65 -322 80 0
-3 335 59 0
4 -235 74 0
-361 -317 -196 0
-370 324 -224 0
-269 152 160 0
-128 -51 212 0
-261 -122 -11 0
349 -146 -202 0
294 -395 -36 0
328 247 26 0
-307 135 356 0
-329 15 -232 0
-42 345 -359 0
-243 -177 -111 0
-328 86 -151 0
26 247 -59 0
254 191 125 0
-384 -198 -235 0
-70 -115 -270 0
44 -217 99 0
325 -296 -164 0
340 248 384 0
333 231 -159 0
299 -185 352 0
-141 49 -234 0
169 -48 280 0
-150 174 117 0
-138 216 -22 0
-343 340 -290 0
118 387 -134 0
307 18 179 0
-30 -240 -285 0
184 153 170 0
-353 -205 -277 0
-14 325 351 0
242 225 -364 0
83 312 -250 0
-290 318 319 0
276 59 398 0
-306 -128 29 0
8 121 -201 0
90 341 86 0
232 -395 44 0
280 207 155 0
270 171 57 0
155 -310 -398 0
-348 -198 296 0
102 -338 -261 0
389 162 83 0
233 -102 331 0
234 -118 241 0
275 74 -396 0
-327 3 -196 0
-297 -358 123 0
-275 -367 -211 0
-261 -158 257 0
-32 95 -88 0
297 187 155 0
-224 -41 324 0
-265 -314 -170 0
-327 -344 202 0
-203 79 12 0
-147 70 52 0
-270 -208 -304 0
20 -297 201 0
-345 14 134 0
65 -185 2 0
-64 -113 82 0
350 41 -98 0
229 -148 65 0
-18 -153 -232 0
-391 -25 -188 0
226 -395 68 0
-4 77 -250 0
373 225 216 0
247 245 -339 0
-196 330 -139 0
-369 -82 -33 0
-180 347 379 0
-213 -329 255 0
247 -231 -187 0
306 -290 180 0
186 182 81 0
27 -367 -232 0
269 295 -256 0
-362 297 315 0
-144 -221 236 0
290 181 -240 0
104 247 13 0
34 -249 -99 0
22 185 275 0
-29 -22 -15 0
188 -51 -383 0
-300 -73 -311 0
21 315 7 0
78 -314 -232 0
288 210 -74 0
-354 -130 -233 0
-73 249 -40 0
-273 350 -155 0
-198 260 277 0
162 97 -135 0
-330 76 282 0
-375 -311 24 0
-86 394 -148 0
-251 -32 -282 0
-209 137 -1 0
307 -255 -13 0
36 268 45 0
178 14 324 0
207 127 104 0
-99 197 -27 0
-24 252 -182 0
-46 291 188 0
23 -380 257 0
-152 63 88 0
-200 -310 -379 0
168 349 -9 0
12 111 87 0
-170 354 -192 0
-307 369 400 0
109 104 53 0
268 -292 -118 0
-32 -215 -95 0
-322 -325 224 0
208 -31 -213 0
383 -395 -233 0
-51 -390 93 0
104 -39 136 0
-127 -330 -58 0
342 25 -388 0
6 17 -268 0
-134 189 -77 0
104 -101 -116 0
359 -353 -144 0
-182 -73 -43 0
180 162 327 0
357 65 -3 0
85 114 -302 0
-386 67 -80 0
35 -79 168 0
-81 -378 -233 0
50 -46 138 0
-188 73 67 0
-28 137 58 0
-97 -179 -188 0
-261 -299 -265 0
-367 -39 -238 0
272 -166 153 0
331 47 348 0
-80 346 193 0
91 -79 -17 0
-209 138 211 0
108 151 96 0
228 106 361 0
360 -287 396 0
-28 -70 149 0
-189 -70 78 0
86 154 -294 0
-375 -126 43 0
-63 111 293 0
-395 -76 37 0
318 124 -203 0
-70 48 -216 0
-310 211 -189 0
-65 -334 60 0
-332 -233 303 0
-285 399 -72 0
-360 -330 299 0
-97 325 271 0
183 301 127 0
210 335 100 0
-212 161 -262 0
192 9 386 0
-74 -98 333 0
-236 -190 -235 0
-399 -362 -395 0
-225 -274 107 0
-251 26 -161 0
30 189 279 0
-360 371 355 0
-348 -237 -293 0
49 -244 -142 0
15 -247 -178 0
337 -386 322 0
-238 -29 346 0
222 22 392 0
369 -214 204 0
-316 -67 257 0
-322 65 -124 0
-399 240 -235 0
-273 -53 50 0
-337 54 -261 0
-88 33 203 0
-142 361 274 0
110 34 -279 0
-324 62 39 0
-51 -377 -308 0
382 -306 224 0
38 364 -270 0
-198 40 288 0
-266 -145 9 0
-317 -107 337 0
252 171 -394 0
223 323 -375 0
61 -368 -73 0
145 -259 8 0
-380 -393 -298 0
262 -167 -227 0
104 344 -65 0
-220 116 -76 0
140 -71 -209 0
116 106 -298 0
-133 -254 163 0
-6 -192 -80 0
-111 278 141 0
120 204 -382 0
-177 -373 319 0
36 113 241 0
284 -13 394 0
262 251 112 0
253 132 -371 0
-16 -395 55 0
-256 -62 262 0
-279 -165 92 0
-25 -110 231 0
182 362 342 0
243 380 -100 0
375 314 -298 0
-13 368 -67 0
-240 293 130 0
-236 -200 96 0
-114 28 -167 0
-294 73 204 0
258 271 223 0
341 -331 -334 0
-283 -122 64 0
391 78 -14 0
-335 -370 94 0
-196 -362 286 0
360 135 117 0
-96 -312 183 0
-362 -162 -110 0
-296 -257 344 0
70 45 -101 0
-55 204 283 0
-111 283 -36 0
-99 -104 149 0
-75 -336 179 0
-143 324 49 0
-306 358 -7 0
103 -90 65 0
-299 395 104 0
-125 -19 -354 0
-204 39 -126 0
-303 -243 -52 0
-356 -27 57 0
375 -261 220 0
217 204 -334 0
-33 -172 -222 0
-60 -270 -355 0
254 -139 -315 0
139 -170 -185 0
-204 -162 151 0
213 -29 26 0
-183 -393 -92 0
-241 -347 -366 0
386 -393 -152 0
-387 177 -19 0
391 -144 -92 0
347 -117 -190 0
-202 -297 179 0
-33 -334 122 0
40 -102 33 0
56 52 14 0
105 140 -153 0
165 20 -286 0
-353 -182 -333 0
-353 -168 -73 0
336 -36 -200 0
-109 -383 -174 0
168 34 -5 0
390 -259 -241 0
161 58 282 0
-90 -118 388 0
-26 -118 319 0
48 -363 -217 0
148 -188 105 0
-374 -297 -397 0
-13 -315 -185 0
-323 355 254 0
220 -141 31 0
196 318 138 0
38 357 -268 0
60 -230 -124 0
-131 -235 163 0
-396 -273 203 0
-45 158 -139 0
-171 131 -126 0
222 21 118 0
-54 -336 325 0
143 305 -388 0
259 394 -205 0
-123 39 -226 0
150 365 129 0
182 34 -105 0
75 -376 273 0
-273 52 5 0
-357 -211 -320 0
-190 71 253 0
-27 -3 172 0
338 -351 -312 0
-335 98 65 0
15 -94 -385 0
265 -35 328 0
-348 93 318 0
384 -261 396 0
313 189 -388 0
108 4 389 0
-170 -113 222 0
-138 40 56 0
-157 -383 -299 0
83 79 127 0
82 -258 331 0
-46 -382 -169 0
-120 350 374 0
-358 324 332 0
-8 130 224 0
-73 -167 -146 0
230 -103 184 0
176 -322 379 0
-121 -360 46 0
219 -306 57 0
-269 47 19 0
252 -25 132 0
267 -61 250 0
-248 367 8 0
-336 265 400 0
-153 275 -209 0
-319 -87 10 0
283 289 -270 0
150 -327 -197 0
12 -356 -284 0
-150 77 196 0
14 -291 281 0
85 -308 317 0
-370 -66 -32 0
365 -38 -280 0
-326 -142 201 0
-34 15 -248 0
-129 -69 -312 0
-149 -330 -123 0
-77 65 364 0
242 -205 -252 0
173 326 -114 0
-208 -348 256 0
-343 357 287 0
-29 182 232 0
141 -212 -274 0
186 315 -381 0
400 -352 379 0
-271 235 -288 0
134 198 -37 0
218 249 381 0
-393 -69 -77 0
266 167 189 0
179 -173 -395 0
-261 -322 358 0
-137 -288 -207 0
28 366 183 0
356 -106 105 0
22 -352 40 0
-234 -349 222 0
-120 -146 -64 0
168 -341 -212 0
353 173 249 0
77 133 129 0
375 172 351 0
168 -340 82 0
240 -133 187 0
-288 376 14 0
292 159 -69 0
-315 53 -290 0
-156 160 309 0
-150 311 169 0
-146 -61 -183 0
-205 -24 144 0
-49 377 143 0
-201 59 -317 0
59 -75 393 0
-366 111 246 0
-152 103 5 0
-103 -91 153 0
-359 -287 199 0
-198 -106 52 0
100 39 263 0
190 -241 -294 0
-279 -334 372 0
