c instance by G2
c solution = 0100111001001110010011100010111001010011111100101100001000101000101001100011101010110010000000001101011110000111100100000001101001100111110011101001001000110010111100110111011111011110111011010100011001100011010111100100011001001101010001101110110101100000001111001001001110101101011001101011111001101011101011001101111010111011011110000010110000110001010000101110101000011001011001000000000110000100
c Known solution cost is 19328 
p cnf 400 500
w 70 5 85 59 56 79 81 62 95 94 17 78 37 1 2 72 62 43 45 55 82 31 52 58 64 74 51 26 37 92 51 59 49 88 70 58 19 51 20 14 97 89 45 87 42 47 59 4 90 5 59 25 88 64 35 52 90 87 30 79 31 34 91 80 22 13 38 42 65 10 56 14 0 1 1 42 0 61 99 43 66 10 68 6 74 3 58 17 90 88 48 21 22 39 54 97 53 44 39 70 55 47 84 7 1 86 1 1 47 0 44 65 11 12 71 37 68 29 54 10 69 3 32 44 94 38 41 47 82 32 17 89 31 2 96 32 40 50 86 87 50 82 52 61 47 23 51 15 4 57 25 25 12 9 69 7 99 62 6 34 94 24 23 78 78 72 62 70 22 48 57 24 83 61 38 30 84 89 97 40 46 22 65 11 84 87 18 83 1 24 17 96 0 93 26 30 65 88 0 39 37 9 63 20 70 1 2 6 42 99 46 89 73 64 52 57 3 70 93 4 46 10 52 99 55 78 81 72 67 34 11 56 43 27 28 14 80 30 20 23 81 19 64 54 35 16 64 38 86 57 94 84 19 47 35 75 77 17 47 96 51 11 52 94 38 32 60 18 14 33 41 95 52 5 2 39 73 66 29 11 75 23 96 94 22 31 21 52 0 69 48 3 80 53 98 70 85 10 40 0 43 82 47 47 39 49 38 13 67 67 24 42 43 72 89 17 56 10 69 56 31 70 60 63 23 10 33 60 72 74 60 68 8 60 15 99 9 54 64 29 73 41 71 16 13 60 86 21 71 55 30 2 77 42 66 0 52 51 13 76 77 25 44 85 85 12 37 47 18 1 76 91 94 47 60 60 60 46 81 83 53 11 85 83 53 3 83 57 7 48 34 84 74 30 22 59 42 59 58 60
-201 -21 -15 0
356 -122 -189 0
-45 -143 -318 0
99 -89 -192 0
-244 19 399 0
79 -324 -10 0
386 -123 -282 0
-346 -133 97 0
-347 399 59 0
258 230 -22 0
-363 -87 127 0
-144 397 139 0
-73 258 166 0
267 -233 -44 0
44 285 -118 0
190 -192 80 0
114 -9 369 0
78 171 -205 0
-272 223 -372 0
-110 -135 -400 0
267 -149 -59 0
395 379 -294 0
-363 179 -86 0
195 386 -11 0
-257 262 -128 0
315 -239 -119 0
-277 -223 348 0
-48 255 165 0
-387 -207 -79 0
-150 -243 132 0
216 65 -283 0
-43 -250 171 0
-265 355 102 0
-161 59 94 0
-189 -43 -224 0
387 106 -154 0
345 -199 393 0
377 -54 209 0
194 19 -202 0
-378 -305 97 0
-348 -394 -190 0
132 -65 -371 0
-55 -116 -179 0
-360 357 -208 0
-192 221 -381 0
84 -377 141 0
-364 -165 164 0
388 174 -378 0
-94 -136 -178 0
183 206 64 0
-350 -161 -214 0
-46 393 -106 0
-29 239 66 0
303 -77 24 0
-7 120 292 0
357 -127 113 0
-361 385 -377 0
-283 251 -312 0
-177 358 67 0
253 -334 395 0
-277 -226 379 0
34 -97 236 0
320 -238 392 0
340 -52 374 0
132 -355 296 0
-49 384 -108 0
-138 -50 13 0
-352 -132 -187 0
322 15 -71 0
-184 -193 -271 0
-44 117 265 0
150 173 -126 0
308 234 99 0
337 -266 -194 0
-361 -69 73 0
-124 34 131 0
-248 207 -214 0
-6 158 275 0
331 364 -251 0
-242 170 154 0
-159 225 -153 0
185 -275 221 0
87 -238 396 0
308 -188 338 0
-242 322 -306 0
-345 17 -156 0
1 -394 -398 0
-222 57 14 0
16 -186 260 0
3 216 175 0
105 -168 308 0
86 345 305 0
-320 240 384 0
10 -218 -313 0
-58 -325 244 0
-82 -182 288 0
158 344 -375 0
-13 211 -311 0
-236 86 -277 0
-79 180 325 0
266 -145 -133 0
-209 -232 -330 0
-287 -271 98 0
83 -207 -194 0
312 -361 -200 0
151 10 -91 0
-152 -1 -242 0
136 355 -398 0
-340 228 -222 0
-301 -349 -59 0
163 99 -145 0
-319 -63 -285 0
152 -131 151 0
-351 99 -44 0
186 284 147 0
89 -309 138 0
205 28 31 0
-310 -166 -295 0
60 -172 -279 0
-25 281 -248 0
245 62 -280 0
188 395 130 0
123 -329 -191 0
153 392 320 0
-163 -236 -106 0
50 266 360 0
131 400 355 0
-112 -142 -109 0
-208 18 126 0
114 343 -281 0
-194 -42 295 0
-29 -182 -302 0
36 -292 227 0
-76 -321 -74 0
16 -332 -276 0
178 254 -111 0
133 335 232 0
-27 -389 -175 0
120 -337 -307 0
-62 3 -251 0
356 -57 -13 0
-59 -213 -263 0
-157 -42 9 0
-298 150 71 0
-240 139 -41 0
-225 -392 -363 0
-354 244 -269 0
220 -128 -278 0
263 -50 347 0
-262 300 41 0
-399 -378 379 0
-335 388 -141 0
-117 -65 310 0
-14 56 -368 0
293 -2 -44 0
-130 264 -351 0
133 -389 95 0
-203 -325 -26 0
289 89 33 0
50 304 -102 0
-37 311 66 0
106 49 -250 0
90 315 156 0
-311 -313 -232 0
269 268 130 0
88 -225 -362 0
149 -339 -24 0
-366 153 373 0
-228 -321 -124 0
273 -265 -324 0
294 -185 217 0
-137 -374 144 0
158 119 323 0
129 266 7 0
27 312 94 0
55 -97 220 0
-376 -210 192 0
182 -234 375 0
-4 396 -292 0
205 287 -109 0
60 -178 -28 0
-12 -61 400 0
229 93 -309 0
-169 329 -226 0
-393 -117 52 0
146 -298 246 0
-267 338 169 0
-215 108 316 0
-330 -72 -400 0
-264 54 -214 0
96 262 188 0
83 -306 -30 0
296 -168 299 0
-393 400 291 0
120 -227 306 0
-251 -80 -194 0
-237 -137 -112 0
201 196 332 0
22 300 -226 0
-180 -352 213 0
-67 130 119 0
-111 70 3 0
337 -291 -391 0
-27 125 358 0
-103 242 -260 0
342 -367 -103 0
-91 -252 -57 0
399 -312 -182 0
56 303 218 0
391 202 8 0
52 283 -135 0
344 -174 -329 0
-143 210 -373 0
396 -358 209 0
375 -274 38 0
-83 272 89 0
-75 268 122 0
44 -104 126 0
-221 190 384 0
-136 160 325 0
-295 121 282 0
-211 384 89 0
-10 -224 -168 0
-99 397 46 0
289 244 133 0
310 385 188 0
35 391 309 0
396 -370 -318 0
-354 -343 334 0
-283 318 24 0
147 112 220 0
337 -17 58 0
-245 191 -308 0
107 129 -101 0
-385 -268 279 0
177 44 140 0
-246 237 324 0
-398 104 -214 0
-27 -399 263 0
354 -131 120 0
-77 16 -252 0
-72 -328 24 0
-162 -44 -326 0
-224 -187 139 0
-88 -141 358 0
366 -134 -46 0
194 -106 294 0
-114 -103 220 0
73 -301 -16 0
-78 -313 308 0
68 281 43 0
387 -27 -73 0
241 -84 52 0
-198 155 381 0
137 -174 -239 0
-104 215 -55 0
-270 -50 158 0
-360 -9 55 0
-204 219 -171 0
-148 284 -357 0
8 -35 -265 0
-87 -372 -364 0
-38 -186 -363 0
-198 165 21 0
201 126 -66 0
-251 39 279 0
119 195 -366 0
399 311 376 0
80 -60 4 0
356 365 -30 0
167 153 -287 0
308 -139 -348 0
381 -380 225 0
-211 77 141 0
-201 -380 -60 0
-384 -262 255 0
-191 -143 85 0
200 394 183 0
-227 375 80 0
219 -256 -134 0
40 -171 -367 0
-97 214 -245 0
-373 -95 197 0
134 -159 -30 0
117 238 -67 0
143 -310 399 0
-336 395 -171 0
-152 279 -55 0
30 357 -207 0
-342 -129 -176 0
-124 97 184 0
275 147 -26 0
-240 151 194 0
-397 -239 351 0
-204 -256 287 0
26 278 -167 0
-176 330 9 0
338 251 -18 0
157 -107 211 0
-2 234 -132 0
-136 84 -142 0
222 -214 120 0
363 -76 195 0
-157 -182 28 0
243 -174 191 0
286 56 -190 0
288 208 -10 0
237 -210 -146 0
372 235 4 0
387 -39 -257 0
298 345 120 0
172 263 233 0
346 -398 -350 0
-15 90 -296 0
198 326 19 0
-176 -128 -113 0
-29 -321 -253 0
274 32 382 0
6 355 -40 0
153 313 1 0
-199 248 204 0
-343 -281 -41 0
-315 25 -130 0
355 -210 333 0
365 157 35 0
-323 20 294 0
47 160 -5 0
-220 128 -241 0
-127 -32 4 0
96 110 -213 0
336 24 -209 0
-70 374 361 0
394 -178 -235 0
-327 400 124 0
388 -135 75 0
120 -390 92 0
-85 -344 -109 0
-231 345 276 0
-373 -314 162 0
-196 -124 -208 0
-183 339 86 0
-376 -68 11 0
-80 376 -98 0
398 -137 114 0
-137 161 -272 0
-271 -320 200 0
58 96 261 0
64 -242 168 0
-378 180 383 0
-42 307 391 0
384 -394 -286 0
-190 56 -344 0
-242 -359 81 0
-310 -64 312 0
107 -141 -147 0
-40 46 -217 0
37 341 -21 0
-303 336 -56 0
40 -130 -142 0
-120 -181 62 0
290 -322 106 0
306 -78 221 0
-290 -382 266 0
-35 238 -313 0
259 1 -145 0
197 135 -125 0
367 -105 249 0
-287 1 -300 0
29 236 132 0
89 -19 149 0
399 -87 187 0
86 77 -310 0
-50 317 -215 0
388 -150 -22 0
-98 -51 -304 0
304 -189 266 0
280 144 -148 0
-184 233 -174 0
190 -169 -234 0
37 203 11 0
57 176 -170 0
-23 -85 320 0
284 -158 196 0
-307 -395 -214 0
-365 25 -197 0
250 165 -365 0
5 78 51 0
-356 12 -226 0
-383 150 106 0
-206 -194 221 0
-283 -43 142 0
-260 253 -121 0
122 145 -171 0
-373 -216 120 0
397 -10 287 0
53 -31 -90 0
-377 97 383 0
-141 -49 -219 0
-281 -185 312 0
-34 181 -305 0
387 -379 232 0
216 177 149 0
-3 -100 255 0
-92 237 96 0
-239 147 -366 0
-398 -343 141 0
134 -47 241 0
-13 164 -259 0
-112 -130 -219 0
-39 47 -289 0
-338 -268 353 0
-170 -254 -299 0
-165 219 -29 0
6 173 377 0
-167 -160 3 0
58 327 -42 0
240 109 -247 0
-91 -110 96 0
323 -187 356 0
-155 -258 383 0
-41 -156 -1 0
-118 216 -215 0
284 109 -346 0
38 -285 -155 0
62 -255 26 0
355 301 -14 0
-5 76 -103 0
168 84 100 0
-305 -264 -344 0
-348 140 42 0
344 111 25 0
344 373 397 0
-173 -213 356 0
80 -221 369 0
-378 206 218 0
366 23 269 0
-104 394 362 0
-61 359 400 0
-329 97 113 0
123 -291 -53 0
182 -196 -297 0
-96 107 -162 0
189 -242 -265 0
-365 116 119 0
-249 -207 -305 0
-20 149 85 0
-106 209 312 0
-386 -331 27 0
-205 370 -176 0
-369 -50 228 0
-18 161 318 0
219 -38 217 0
123 -288 349 0
-195 270 -186 0
-218 -353 -215 0
-144 400 49 0
339 303 39 0
-303 -7 -8 0
-222 159 306 0
62 -47 41 0
80 -292 103 0
-115 -382 336 0
-193 26 320 0
328 193 254 0
-309 139 61 0
-396 12 -113 0
150 -198 -386 0
148 94 335 0
288 -93 357 0
-127 277 322 0
141 173 -14 0
56 255 -388 0
-317 -167 -11 0
-214 78 271 0
-41 378 320 0
2 288 -250 0
388 56 -284 0
-185 100 221 0
51 -23 -63 0
-364 -187 139 0
-47 152 321 0
-261 102 235 0
-155 352 -6 0
114 -136 -356 0
258 314 -83 0
-286 169 -350 0
165 319 -378 0
153 -288 -333 0
285 -298 -297 0
-318 -32 -293 0
226 322 24 0
-141 -8 -152 0
-390 188 -234 0
199 -103 -156 0
246 -318 -390 0
-230 -140 188 0
212 211 -177 0
-74 -30 220 0
-2 396 378 0
-192 140 -33 0
