c instance by G2
c solution = 1101001101111010100001111111010000111001111010001001100111001001110010101000110011111000100000011010110011100101000100010001100000111100011001011001101111001101111011010100101000010111011100011110000010100010010101000011010110010001010011000010110011110111111111110111011000010011101100111010101110011011011010001111100001011100111010011100100010100001100111100101100110110011011011101010110101011001
c Known solution cost is 19090 
p cnf 400 500
w 60 84 70 29 23 95 15 64 23 54 70 0 10 17 73 50 52 62 37 98 18 46 77 92 62 13 95 17 59 81 63 71 17 86 53 41 33 68 57 56 75 79 8 37 48 81 87 0 44 76 50 14 23 28 7 37 41 54 54 52 88 70 75 5 8 28 98 93 49 55 2 76 86 10 13 35 92 52 35 88 29 86 2 4 66 61 41 59 16 47 11 4 17 86 9 77 67 8 71 16 15 73 92 2 83 57 37 27 9 24 15 38 10 70 42 28 83 83 87 99 31 98 55 0 37 17 78 56 77 1 72 92 74 16 46 9 73 35 37 34 60 4 73 22 26 15 51 10 51 38 61 34 89 17 34 78 34 64 34 11 65 58 55 91 74 2 1 99 37 38 33 97 94 58 20 21 74 23 83 77 61 44 11 50 61 97 80 47 62 14 58 79 72 14 71 98 68 24 49 5 14 35 55 8 93 27 81 19 50 64 48 63 9 59 66 22 9 46 70 71 61 80 2 85 94 25 84 14 1 85 20 15 20 27 76 66 54 57 37 56 74 86 19 35 97 37 57 6 84 79 29 97 60 32 82 6 9 18 21 11 56 41 26 28 20 54 94 26 12 84 82 86 70 53 73 67 43 30 74 27 62 3 76 22 87 58 28 49 29 49 60 85 42 38 13 14 93 60 40 57 44 74 95 66 28 68 33 71 50 59 50 12 15 26 34 54 36 15 3 17 16 63 54 11 54 68 25 47 80 66 4 76 40 51 42 20 19 27 43 69 39 45 34 54 71 20 8 60 35 64 77 4 27 32 15 33 52 40 80 84 6 36 60 99 87 54 19 58 33 15 80 72 60 14 78 32 34 39 44 22 3 21 26 82 5 93 16 57 33 48 93 92 37 53 91 76 59 62 35 45
-173 200 -143 0
14 -181 -83 0
262 235 126 0
-333 -233 335 0
-78 -245 -327 0
-328 155 -64 0
58 235 -326 0
62 143 267 0
137 -238 -213 0
-109 339 -8 0
-296 -144 -68 0
-174 -262 -83 0
172 205 158 0
-312 -338 189 0
397 8 -159 0
-240 150 -282 0
5 268 -288 0
-321 -84 -324 0
191 329 351 0
-187 130 251 0
-32 -237 147 0
-154 72 -76 0
183 -371 128 0
140 38 -391 0
-265 -372 282 0
77 321 -46 0
349 145 -158 0
-116 208 -18 0
-252 -189 226 0
30 -271 34 0
34 301 -396 0
200 -393 156 0
-49 340 375 0
-81 46 258 0
-293 -44 5 0
29 77 -13 0
-201 69 68 0
-316 -48 189 0
-150 -212 230 0
-192 343 291 0
41 -281 -364 0
234 98 -210 0
-212 -193 65 0
-365 -284 -20 0
88 15 -145 0
-360 240 -251 0
92 -81 -119 0
352 -315 298 0
-325 -235 -299 0
-199 -16 -45 0
-91 9 -300 0
88 -58 61 0
-273 171 -306 0
105 -64 -372 0
278 -212 -98 0
-375 273 132 0
-366 -142 115 0
-147 344 -325 0
95 377 -240 0
50 135 -242 0
-176 -145 -185 0
-261 -313 -114 0
326 393 323 0
-177 137 370 0
212 -132 351 0
185 209 237 0
-178 3 349 0
323 306 -237 0
-347 252 344 0
-163 -99 7 0
-81 243 -186 0
224 -99 294 0
-84 378 -263 0
-322 397 -168 0
361 9 -269 0
278 262 -242 0
-35 383 62 0
246 -270 -382 0
62 -383 17 0
-122 -36 -220 0
-373 330 40 0
62 226 -248 0
-123 -4 -345 0
203 -200 -171 0
-378 -67 290 0
198 -343 -66 0
2 211 -83 0
-262 97 -333 0
259 -337 -368 0
229 -129 76 0
-24 350 276 0
-357 10 351 0
308 -141 150 0
-250 -44 -307 0
-10 -112 82 0
-382 125 318 0
-334 243 -83 0
-200 -22 -322 0
327 48 -185 0
-386 48 101 0
-182 -274 360 0
244 -214 173 0
289 -193 355 0
248 -52 -5 0
143 44 -206 0
-378 245 323 0
-228 106 140 0
-372 256 72 0
-204 -20 -217 0
-396 -43 168 0
277 -130 319 0
355 -144 382 0
19 -72 270 0
-24 -370 335 0
-306 377 -95 0
-223 51 -313 0
283 350 55 0
378 186 -305 0
235 -103 -105 0
-315 -283 336 0
-149 -8 -282 0
367 302 325 0
-34 327 -399 0
-246 -280 152 0
178 -182 -126 0
374 51 -239 0
303 211 119 0
-384 -317 -280 0
348 226 257 0
117 -158 389 0
208 -111 169 0
239 86 -319 0
-314 -317 24 0
311 158 312 0
96 -25 79 0
295 -292 -17 0
284 319 -81 0
-74 -223 189 0
215 297 335 0
-132 385 119 0
-197 164 -23 0
-333 161 -352 0
111 148 363 0
202 -331 43 0
-337 189 133 0
-226 321 -212 0
-59 -333 -268 0
-195 -246 -388 0
-77 -174 274 0
-140 167 -160 0
-17 -13 369 0
28 -102 -357 0
-257 310 194 0
50 -268 -16 0
-192 262 90 0
361 283 118 0
-382 319 -286 0
-132 -110 26 0
9 296 -280 0
-391 195 -337 0
-330 81 -306 0
-146 -304 -97 0
274 -33 68 0
386 179 1 0
-310 -195 -180 0
-260 -235 360 0
310 154 332 0
-208 -158 196 0
108 232 226 0
-151 -264 -90 0
-253 -277 -391 0
209 4 -313 0
-112 386 57 0
-217 -182 395 0
-127 -24 253 0
197 -100 188 0
266 174 176 0
374 293 -15 0
115 -14 -314 0
-2 -196 -387 0
-198 -138 205 0
248 -27 -94 0
233 304 167 0
239 210 230 0
380 -199 140 0
381 320 -22 0
137 165 -306 0
269 296 -247 0
-58 216 369 0
-314 110 143 0
118 -396 -354 0
314 92 351 0
225 -288 -89 0
-309 104 49 0
143 29 -3 0
-243 -353 -241 0
-236 339 61 0
296 381 -81 0
-390 32 -51 0
-47 118 -270 0
-163 70 -167 0
-369 -23 -204 0
-163 -15 300 0
140 196 -221 0
-252 358 -56 0
159 -363 282 0
87 -168 371 0
13 366 -362 0
281 68 109 0
-336 -41 -205 0
95 285 22 0
-10 -144 -398 0
353 -203 -49 0
157 361 -376 0
346 -30 317 0
213 3 -292 0
30 -109 -203 0
221 359 343 0
264 -148 319 0
-381 144 -41 0
160 327 196 0
124 -160 143 0
-368 -325 25 0
179 -168 193 0
-1 -39 100 0
365 181 199 0
195 -244 239 0
-152 -243 -290 0
114 220 342 0
-334 285 -186 0
-381 -367 218 0
88 391 254 0
-50 60 -251 0
-326 328 -204 0
-357 -256 250 0
298 -34 213 0
-336 -349 -134 0
-59 220 25 0
-11 -244 -161 0
-209 67 -396 0
163 -201 63 0
-108 88 206 0
-207 -74 -170 0
327 -15 331 0
-202 226 -389 0
-198 -369 199 0
-137 103 -192 0
398 9 56 0
35 211 -165 0
-220 -395 262 0
277 -324 139 0
-219 48 -310 0
-348 -58 -347 0
355 143 -380 0
-331 -215 136 0
178 223 249 0
-302 75 -225 0
238 -317 348 0
-97 276 226 0
-342 -210 -55 0
-138 217 362 0
153 -7 44 0
151 303 377 0
203 117 51 0
-262 80 -115 0
253 -322 188 0
-391 -179 -365 0
-57 -368 71 0
-316 -113 -173 0
309 16 19 0
-146 -199 -141 0
16 -308 -69 0
-224 -318 -362 0
398 138 -195 0
-299 -161 213 0
352 -331 -307 0
72 139 -215 0
-65 31 228 0
-162 128 11 0
-372 107 339 0
-357 148 313 0
102 47 -215 0
-89 85 334 0
73 -163 118 0
344 -60 -303 0
-205 -66 -138 0
-325 76 -38 0
-294 -203 128 0
140 -102 22 0
-293 239 184 0
75 -369 255 0
-53 76 -344 0
93 260 -45 0
80 -189 -195 0
280 -268 211 0
-9 -194 -52 0
356 196 -359 0
191 -373 -369 0
-112 15 -29 0
318 84 181 0
-247 -85 -255 0
169 80 -92 0
-225 -376 102 0
206 -380 351 0
-132 285 89 0
109 -171 -97 0
6 -311 172 0
222 -288 363 0
-275 164 62 0
104 -382 219 0
-382 396 19 0
120 -102 -90 0
124 -102 153 0
305 35 55 0
379 196 -333 0
-22 82 -280 0
32 45 189 0
-228 -241 379 0
-347 121 -88 0
128 -173 387 0
196 270 121 0
52 -12 -65 0
-99 -338 324 0
-125 -228 364 0
-156 -329 -163 0
321 211 295 0
206 285 207 0
-368 -278 181 0
-306 -338 392 0
-264 333 363 0
74 -309 170 0
-229 -153 129 0
40 -246 -207 0
-372 -371 -176 0
-376 -236 -81 0
344 -81 -274 0
187 321 72 0
-38 68 -91 0
315 80 287 0
199 -289 -46 0
181 -204 -383 0
-342 86 351 0
-118 113 -313 0
-155 -379 340 0
-291 37 -329 0
342 -87 231 0
-86 141 -330 0
-194 -72 -396 0
-266 -1 307 0
76 79 347 0
-66 44 394 0
-194 126 256 0
-164 177 310 0
120 -337 351 0
-255 -227 137 0
-204 283 343 0
-208 -358 217 0
41 116 132 0
-287 -36 -19 0
-172 -7 -356 0
-161 -33 123 0
-30 -100 150 0
-346 -10 -105 0
-55 18 269 0
-35 -243 -191 0
87 -305 -316 0
-296 53 204 0
349 143 -361 0
-364 68 -80 0
46 -57 -231 0
141 156 201 0
-165 272 -218 0
-190 113 115 0
129 -335 -220 0
-242 -165 127 0
78 360 -255 0
108 248 368 0
395 372 -139 0
-203 263 205 0
205 -249 -159 0
354 -63 72 0
-31 135 121 0
-234 47 214 0
215 100 301 0
-301 390 -25 0
-53 -380 -275 0
-272 -264 -338 0
-333 -350 -153 0
118 357 -140 0
116 -341 -264 0
33 -147 -258 0
71 202 -82 0
-36 -155 367 0
59 -38 -148 0
-203 -287 -360 0
-78 -84 -374 0
-308 337 190 0
37 -263 -264 0
29 -43 -340 0
393 -230 -145 0
36 -91 -243 0
101 199 -182 0
-169 239 75 0
-304 -332 -69 0
64 227 208 0
100 -280 -211 0
271 277 346 0
-154 216 -377 0
170 26 162 0
-87 -35 -47 0
353 109 340 0
-171 287 59 0
313 -56 -304 0
-70 -352 -297 0
-168 -395 -30 0
-136 -182 76 0
-36 345 -212 0
41 -257 -102 0
-233 15 -36 0
-81 -372 -285 0
88 165 -166 0
93 -54 196 0
175 -330 -36 0
-225 108 -93 0
-135 -138 -283 0
-124 115 -339 0
310 -163 -277 0
-27 66 -194 0
261 -101 122 0
-298 223 191 0
-276 -11 -75 0
60 34 24 0
176 322 -258 0
245 168 235 0
33 192 -331 0
-205 6 -288 0
172 -349 -396 0
-99 46 -179 0
-216 -304 -187 0
-267 42 277 0
-182 399 195 0
-241 115 94 0
386 83 129 0
-245 309 -169 0
121 188 -336 0
134 -151 334 0
312 -128 -347 0
318 119 287 0
50 -138 186 0
162 236 -283 0
-228 -381 -386 0
-253 -266 -57 0
-328 375 -207 0
149 -112 247 0
12 -329 -182 0
-144 150 -6 0
-138 -11 -278 0
288 -246 -85 0
-33 193 91 0
327 -337 -62 0
337 361 -22 0
-23 -320 181 0
201 -260 -195 0
330 -160 137 0
93 315 -359 0
54 -226 237 0
-117 223 -371 0
214 365 144 0
223 -11 36 0
74 93 -355 0
59 -379 316 0
-145 367 27 0
166 -315 -394 0
202 -154 -21 0
131 216 130 0
115 -250 -79 0
-4 180 -381 0
141 -199 297 0
-378 23 150 0
279 -400 -379 0
292 210 278 0
176 75 -121 0
-56 400 -28 0
8 -309 172 0
-42 -306 357 0
-139 376 -304 0
384 -316 -308 0
-106 -36 142 0
-120 338 198 0
342 112 -316 0
-11 48 151 0
-133 119 -399 0
-255 328 -29 0
-220 350 99 0
-103 -124 -333 0
-351 171 -194 0
-104 363 -180 0
63 117 182 0
341 115 349 0
-96 -323 -279 0
