c instance by G2
c solution = 001000000101001010111111101110110101101101000111101010000100111001110000000011111011111101101101011011010111010010101000010100011110100111010110100010010000001101011000101011001010111101100100001101111011111100110100010000000110000011101011110100101110010010110111000111000010001010011000010101000001
c Known solution cost is 14443 
p cnf 300 500
w 93 53 22 34 65 67 68 45 33 59 20 4 84 38 12 80 13 80 74 10 23 70 82 54 42 66 25 17 48 89 16 42 42 90 28 59 9 96 56 42 7 28 98 43 66 11 24 32 43 50 42 66 72 25 72 15 91 49 32 40 90 0 34 32 90 62 44 99 11 52 41 70 81 92 14 47 55 90 79 98 92 74 17 64 99 41 31 42 91 16 82 81 16 68 66 7 31 62 6 94 14 0 64 95 92 30 95 99 20 26 97 12 0 14 29 51 56 60 94 99 28 28 32 45 97 50 52 80 12 10 74 79 10 90 26 54 21 21 53 41 0 3 6 52 17 87 56 25 99 2 76 28 30 9 73 79 59 77 11 24 87 37 3 50 28 29 56 49 3 10 42 55 65 48 59 82 87 15 60 87 17 36 15 0 97 40 31 9 17 43 33 56 80 88 6 8 69 63 9 24 25 52 79 90 0 91 24 40 6 36 27 76 73 94 76 22 86 7 31 3 2 64 11 35 4 18 43 74 81 53 98 58 57 30 0 9 21 24 49 79 61 76 55 86 22 83 8 8 43 40 63 45 56 75 32 61 45 76 87 78 81 85 36 38 67 36 47 40 12 49 72 25 77 27 63 0 63 24 60 58 16 76 55 72 3 88 85 48 64 72 26 97 10 14 87 77 2 86 70 14
-258 -83 -282 0
-80 -229 35 0
-131 -119 -299 0
-298 -3 -204 0
-12 -166 -28 0
-203 23 93 0
-146 26 286 0
226 -129 -252 0
228 6 -100 0
178 183 -212 0
-256 103 -19 0
279 -72 -154 0
300 140 -128 0
30 105 -213 0
105 82 -148 0
-129 17 -217 0
-149 -108 -283 0
-54 236 222 0
-233 -106 241 0
-46 -174 -220 0
285 253 229 0
-253 296 220 0
83 -234 -130 0
9 -49 254 0
-110 6 -256 0
-230 162 66 0
-107 62 57 0
-105 120 43 0
-50 -242 82 0
178 -246 110 0
131 -75 -81 0
-130 -124 113 0
208 274 -206 0
173 130 -154 0
-281 278 -185 0
-9 -279 -290 0
-266 -45 -210 0
130 217 184 0
-106 -178 -206 0
-110 181 219 0
220 -276 170 0
205 -31 -235 0
-43 216 -112 0
122 -128 243 0
-244 89 -8 0
5 129 291 0
113 296 -240 0
-123 126 79 0
298 104 97 0
159 -133 1 0
-244 -223 -268 0
179 57 -53 0
-246 -177 -110 0
79 188 -160 0
125 252 -191 0
294 182 -292 0
-249 -47 -252 0
270 193 -176 0
-90 -287 -218 0
89 -96 39 0
-117 -118 248 0
-251 -291 101 0
203 6 -269 0
221 -251 -228 0
39 -268 -279 0
262 117 -229 0
-133 -26 -25 0
-159 65 -296 0
-115 -33 188 0
-224 -247 278 0
36 -94 100 0
134 -141 -213 0
134 -176 -107 0
-235 -266 289 0
270 -84 282 0
-140 -236 -78 0
-211 290 -207 0
-10 -204 138 0
92 -180 -174 0
-88 -267 -129 0
290 -83 108 0
150 187 -94 0
-99 25 -81 0
-77 -286 -114 0
206 288 180 0
-38 -40 33 0
172 42 71 0
178 -55 91 0
-75 -250 -39 0
162 -249 -203 0
63 133 -124 0
-211 -184 -89 0
223 -83 115 0
98 -187 -17 0
34 -264 -169 0
-56 144 -227 0
-278 -262 -244 0
-169 271 124 0
-144 95 146 0
-237 -228 283 0
-28 -264 -109 0
105 -297 275 0
278 272 -221 0
-41 -208 291 0
-172 178 114 0
47 291 -160 0
-164 200 150 0
111 -41 137 0
-125 -226 153 0
131 -256 -124 0
189 -232 191 0
118 -259 -238 0
96 -211 -268 0
16 -250 -209 0
259 246 221 0
297 -77 -189 0
138 95 -146 0
64 -90 -295 0
-10 105 281 0
127 -46 -4 0
81 172 -174 0
-117 9 -156 0
-250 -30 -96 0
52 -219 4 0
-159 -40 -277 0
198 -101 78 0
-41 -128 51 0
-147 282 153 0
-190 61 176 0
-273 -249 -300 0
-115 83 288 0
146 234 -270 0
-51 149 -108 0
100 -168 -256 0
247 -143 231 0
288 -37 -82 0
-219 -277 246 0
18 262 157 0
169 175 256 0
176 158 -170 0
-230 -104 141 0
-96 136 283 0
-176 -240 -133 0
145 243 126 0
-262 -31 21 0
108 -122 -95 0
-217 -5 62 0
-195 -156 -96 0
-287 -20 125 0
-204 -188 -124 0
-263 -143 -192 0
268 76 82 0
194 -270 199 0
-77 -154 48 0
29 185 23 0
-290 -164 -147 0
-189 216 -225 0
-5 -165 -99 0
-188 -34 -177 0
185 -276 123 0
222 84 -257 0
-115 292 -242 0
-265 -101 13 0
-120 -262 112 0
139 21 -222 0
-122 286 130 0
100 247 278 0
-238 221 170 0
17 286 -177 0
-196 291 173 0
231 -199 27 0
66 -136 46 0
230 63 161 0
-149 177 100 0
-202 -124 -160 0
281 -251 -58 0
-262 219 -271 0
-113 -100 103 0
84 -285 297 0
-69 74 243 0
68 7 129 0
87 -221 122 0
-288 244 -52 0
212 248 119 0
104 218 -1 0
-177 -155 -138 0
222 27 52 0
-168 114 221 0
168 -160 165 0
-259 81 -53 0
-113 142 191 0
-287 -275 -67 0
70 177 215 0
7 29 297 0
-143 -40 -274 0
-171 -173 -7 0
-288 18 -63 0
12 39 -281 0
123 31 103 0
204 117 -70 0
116 -276 241 0
-122 139 -64 0
-290 196 192 0
-235 -103 107 0
-132 -93 -190 0
-143 287 -16 0
272 15 -199 0
-66 -89 1 0
-3 167 -60 0
236 -297 45 0
-233 234 296 0
-50 300 176 0
-226 -107 152 0
267 -126 -150 0
-5 -47 279 0
226 -66 8 0
46 258 276 0
-269 -39 242 0
-285 232 -283 0
-239 -268 264 0
125 -30 -39 0
2 -14 65 0
105 -247 142 0
211 287 -68 0
-177 -126 194 0
-215 -35 -44 0
-203 -45 127 0
70 -3 -243 0
-208 -121 -128 0
-28 -76 -127 0
200 122 -261 0
192 -25 137 0
-227 24 -208 0
-27 161 204 0
283 78 291 0
232 279 -27 0
-255 291 229 0
-73 261 -69 0
153 48 -275 0
-15 -44 -85 0
126 23 -66 0
-300 -76 -186 0
56 240 54 0
-280 213 -113 0
250 246 56 0
-12 195 163 0
-43 170 -138 0
-106 -135 -43 0
125 -217 296 0
-6 -177 -190 0
-141 -174 72 0
133 95 -242 0
-98 107 201 0
60 237 178 0
173 -58 -133 0
22 271 212 0
-152 -149 164 0
-41 -112 -215 0
-62 -192 6 0
-279 -42 80 0
-106 160 56 0
64 228 -280 0
-81 -95 -93 0
-257 -161 255 0
254 -48 177 0
120 13 -246 0
294 -267 228 0
235 -32 -165 0
-164 96 -262 0
-122 86 -92 0
-62 91 45 0
-3 -29 233 0
12 -201 276 0
109 -210 112 0
111 51 -136 0
176 35 292 0
-40 -231 16 0
203 -166 -249 0
31 105 73 0
-175 145 23 0
166 280 32 0
-299 -99 -88 0
114 -181 77 0
-117 -225 -49 0
-185 219 91 0
-216 15 274 0
283 36 -271 0
-158 153 287 0
-193 290 -271 0
88 -200 -32 0
-73 -36 -9 0
124 -250 -29 0
54 53 -208 0
158 94 -31 0
-284 248 159 0
89 291 201 0
90 -2 155 0
-292 260 -247 0
52 -58 275 0
-241 -135 -279 0
284 166 -262 0
57 -114 248 0
227 64 11 0
228 191 198 0
-249 -62 251 0
-257 298 207 0
-108 -248 -237 0
-16 121 -69 0
110 -227 2 0
-196 85 -122 0
223 -51 -70 0
-37 139 117 0
202 -136 244 0
-87 -207 -1 0
238 -66 218 0
98 274 282 0
-47 -284 -248 0
134 -38 -24 0
270 197 -176 0
-181 -163 286 0
-16 235 276 0
109 170 -293 0
-233 -176 38 0
127 40 -21 0
-68 -124 -216 0
100 109 66 0
-280 16 252 0
-35 272 -99 0
-282 -39 192 0
188 83 -266 0
147 37 194 0
3 236 167 0
28 277 295 0
-126 -119 75 0
235 185 -33 0
-171 51 -116 0
262 54 -213 0
-285 -38 96 0
139 184 175 0
269 162 -121 0
-178 -270 52 0
260 -243 4 0
-210 -263 18 0
-201 223 174 0
289 -65 -17 0
-46 236 -197 0
-175 -184 -285 0
-147 -62 -188 0
-230 -195 -171 0
245 -138 -180 0
-21 120 -289 0
234 143 -105 0
106 59 -143 0
272 -77 90 0
-228 42 175 0
-226 -81 -55 0
92 58 -93 0
-139 213 -179 0
172 -32 -112 0
-272 -262 -237 0
-150 50 -20 0
67 215 -87 0
-153 -77 -28 0
-20 102 -51 0
-152 108 -10 0
266 224 -286 0
290 -191 36 0
175 56 21 0
-188 -215 -243 0
5 140 -233 0
260 126 -240 0
10 -108 282 0
7 65 -74 0
250 258 239 0
131 146 13 0
195 -226 147 0
-251 270 271 0
-134 -187 56 0
-220 291 298 0
-257 -152 -30 0
255 30 300 0
-62 -142 -225 0
173 193 -165 0
182 238 -249 0
172 -163 -251 0
-122 -111 236 0
60 -195 239 0
-102 -215 219 0
294 89 -24 0
87 -152 95 0
-284 -53 99 0
85 297 -102 0
-13 126 158 0
57 232 171 0
-136 -148 -297 0
-207 272 -52 0
-77 -85 20 0
-68 10 70 0
-263 280 -59 0
-73 147 280 0
96 121 129 0
-181 -67 107 0
117 -168 22 0
93 -242 -237 0
292 68 40 0
38 144 -97 0
21 3 -202 0
-61 -92 69 0
139 49 172 0
-194 156 -81 0
-284 -148 120 0
-287 -49 -168 0
103 -154 295 0
247 -210 -203 0
-203 113 -66 0
263 -137 -249 0
194 88 -10 0
-159 9 -167 0
-69 109 262 0
86 -164 -241 0
-18 298 213 0
-82 100 -120 0
170 -243 25 0
30 -122 177 0
-245 161 135 0
291 -106 -185 0
187 -283 -164 0
-163 152 26 0
11 255 -230 0
270 251 -248 0
-171 107 -84 0
107 -177 -197 0
-286 155 25 0
-23 -222 168 0
-181 -119 57 0
161 -72 -131 0
210 -123 288 0
-59 48 61 0
-205 237 276 0
188 -163 289 0
-291 -250 -143 0
-34 -3 -127 0
96 241 277 0
15 262 -161 0
33 -45 -235 0
141 249 -108 0
-93 -197 22 0
250 169 -200 0
-239 -112 214 0
232 99 69 0
-146 -65 294 0
62 157 5 0
134 68 -198 0
14 190 -40 0
68 90 7 0
257 127 -27 0
270 285 142 0
131 99 -8 0
-262 -224 -94 0
290 101 -57 0
-234 -180 287 0
-251 -157 134 0
-210 -166 -45 0
80 265 -85 0
293 269 166 0
239 152 93 0
-85 -162 137 0
147 221 143 0
-10 -145 171 0
16 128 168 0
22 72 -290 0
-261 -218 -29 0
-20 -22 -116 0
129 11 16 0
161 150 -57 0
92 52 214 0
-64 289 -53 0
172 252 -193 0
-269 27 -111 0
101 -91 255 0
72 134 -258 0
-6 -214 -68 0
-72 285 150 0
88 -188 24 0
-86 -233 186 0
-2 38 297 0
-231 68 179 0
-29 271 -71 0
101 56 269 0
274 288 -11 0
183 -167 -98 0
172 -111 -38 0
161 144 -103 0
-68 -136 31 0
266 159 182 0
38 -177 19 0
-233 -106 -4 0
199 139 -64 0
275 -92 -245 0
-151 -80 261 0
