c instance by G2
c solution = 110100100101111010110101001111000001111110001011000110011100000110000111101100000010111000010001101111011101001001010011010000010101000110010001100100001011010000010000111111000110101000011011110101110101011000110011010101011101000010111001010110011001100011111110001101110101100100011100010111110000
c Known solution cost is 14706 
p cnf 300 500
w 54 4 16 10 5 28 42 1 38 78 66 65 78 35 67 9 49 73 65 95 75 43 65 44 27 17 46 27 71 90 7 77 46 76 40 51 56 82 4 95 12 22 12 90 58 79 52 59 52 17 54 79 61 20 24 40 89 22 19 61 65 79 90 11 55 30 15 11 12 19 58 76 42 70 19 52 2 71 11 6 40 17 86 53 89 62 94 79 84 65 40 49 44 30 13 51 13 28 63 25 99 73 54 41 96 73 45 98 44 8 4 36 78 90 90 67 52 36 46 89 1 38 38 98 21 3 49 34 31 64 11 83 38 65 76 34 38 22 32 34 82 88 71 60 79 13 28 83 49 74 72 50 13 63 0 34 66 50 68 50 14 31 33 52 97 9 86 87 83 70 22 66 59 45 26 90 58 6 73 7 81 46 9 46 9 62 32 27 12 0 77 78 83 62 31 80 24 69 68 7 92 42 25 51 87 4 93 97 10 66 56 91 12 17 89 73 79 21 1 91 73 30 70 57 45 53 37 69 74 57 28 66 99 54 69 86 58 62 35 68 29 91 12 93 9 1 19 88 23 20 32 96 2 2 5 47 7 43 68 81 0 97 48 0 51 69 38 9 32 26 29 13 17 41 6 78 95 25 67 18 97 99 66 52 53 72 51 60 67 20 93 67 17 93 19 20 63 10 81 95
-192 -262 -129 0
178 48 50 0
-274 -68 -206 0
-23 -41 186 0
-148 -96 -195 0
-6 294 240 0
140 -95 40 0
154 260 -267 0
-78 -292 198 0
-196 -290 -230 0
74 -179 260 0
-99 -222 -298 0
-31 -281 -133 0
-94 -45 -138 0
206 289 -262 0
-137 -161 -277 0
-203 -262 43 0
133 -106 170 0
-126 -156 232 0
270 62 17 0
289 -133 177 0
-87 -172 -91 0
-181 51 -176 0
-171 -271 -283 0
98 260 65 0
-252 140 -256 0
26 63 75 0
-210 -189 -236 0
299 -226 -147 0
239 23 -67 0
300 122 182 0
-17 68 97 0
219 258 -37 0
-256 112 134 0
175 -230 291 0
172 81 -108 0
-187 -145 -261 0
112 97 104 0
-47 261 -225 0
299 -269 233 0
199 42 297 0
-219 -145 150 0
295 115 -51 0
-187 -292 273 0
-155 184 189 0
40 269 -261 0
-59 46 -245 0
21 171 89 0
266 231 -184 0
257 -202 -156 0
226 281 -216 0
-110 195 -63 0
-109 -142 -43 0
141 -288 -188 0
187 181 55 0
-139 -233 110 0
219 -229 250 0
-162 -14 84 0
-200 -113 -79 0
-269 -198 120 0
-73 -274 -167 0
135 262 -288 0
-18 299 -268 0
261 -198 60 0
-88 103 138 0
78 57 98 0
266 -257 106 0
-106 9 222 0
-299 -190 91 0
27 -241 165 0
-257 -47 -126 0
197 -63 -259 0
150 -215 27 0
8 -140 -82 0
237 160 -193 0
16 277 182 0
269 -234 219 0
5 106 -194 0
-107 281 61 0
-239 230 229 0
-200 25 -35 0
-42 -65 294 0
-53 20 -30 0
244 46 89 0
-36 179 -38 0
-103 -40 152 0
288 45 299 0
-128 69 257 0
271 41 -221 0
248 -294 -19 0
-238 -183 -215 0
-222 173 -46 0
113 174 -13 0
106 -224 -255 0
-270 -264 -194 0
-14 -220 -143 0
-21 75 246 0
-33 -170 84 0
-154 -56 110 0
227 -246 -114 0
259 130 86 0
-201 184 225 0
-46 -12 -179 0
244 -26 -269 0
-22 156 -12 0
5 116 59 0
-80 15 -4 0
-65 101 -225 0
101 -45 146 0
22 -93 118 0
-8 186 54 0
-116 -244 158 0
144 -291 -203 0
127 145 195 0
211 -28 -171 0
300 -70 1 0
213 205 290 0
-7 202 135 0
-195 -213 -222 0
-99 -204 48 0
-50 -84 -25 0
71 167 266 0
-153 -190 -297 0
140 -24 -132 0
103 -157 -102 0
-7 28 -233 0
-278 -147 282 0
14 135 146 0
187 16 4 0
161 -226 -231 0
-66 -38 -140 0
-14 244 -101 0
281 39 -200 0
-294 200 -211 0
288 24 -183 0
-300 -239 44 0
-82 282 -93 0
-66 288 186 0
-11 229 -164 0
-12 166 -78 0
-23 -46 96 0
189 -108 177 0
87 11 -19 0
-224 -3 -244 0
-175 -15 84 0
160 152 -117 0
-49 111 -241 0
219 -259 -98 0
184 -225 92 0
107 29 -258 0
104 43 -278 0
-209 -163 197 0
125 241 -138 0
233 -237 -48 0
-69 -125 272 0
221 49 193 0
238 228 -58 0
205 279 48 0
150 164 30 0
69 242 171 0
53 -273 -259 0
129 -270 179 0
146 155 15 0
-218 208 -299 0
43 -142 -237 0
-44 -22 -237 0
288 -175 -182 0
204 -261 42 0
243 -258 -269 0
-204 -217 -290 0
4 157 -233 0
-167 -273 122 0
65 -276 238 0
-224 -289 -169 0
126 -6 165 0
-108 104 -198 0
297 -176 148 0
-170 197 -43 0
-122 272 -96 0
88 105 -265 0
-130 166 -168 0
-284 -252 -60 0
191 -71 107 0
140 278 210 0
-164 39 -7 0
95 199 197 0
-199 -129 -14 0
231 -121 172 0
-140 -196 -197 0
-128 292 -249 0
32 124 70 0
-172 -134 -284 0
177 -293 -210 0
21 -209 35 0
103 8 86 0
131 -22 268 0
-268 -149 33 0
143 -100 -273 0
-169 121 -89 0
281 42 -247 0
-188 -59 -137 0
-75 247 136 0
-36 234 -118 0
255 83 -268 0
203 63 -190 0
-202 -112 265 0
-92 111 146 0
-286 176 -135 0
-22 102 143 0
27 -192 273 0
-94 -245 -207 0
294 110 192 0
-76 -43 -188 0
-204 60 -141 0
-100 -77 149 0
157 -205 54 0
-62 -10 -292 0
-99 -123 -245 0
-1 40 -182 0
63 -129 -182 0
198 147 -236 0
43 -235 -46 0
219 108 -286 0
300 13 -271 0
89 205 233 0
99 279 88 0
-128 58 51 0
-47 159 -134 0
-207 -200 192 0
-112 128 -77 0
275 -208 -41 0
177 -50 -13 0
176 126 -54 0
-154 80 -286 0
-291 297 6 0
111 -278 224 0
231 94 -165 0
-61 21 66 0
-212 270 -293 0
68 224 -236 0
35 39 10 0
-10 -39 -79 0
82 -25 -153 0
-12 33 -223 0
-48 15 195 0
-199 -252 267 0
-156 -42 98 0
109 -192 296 0
183 -46 -48 0
-293 297 169 0
218 160 -237 0
-218 -145 -180 0
44 -266 157 0
-184 200 -21 0
178 237 -167 0
20 -285 289 0
-255 181 -230 0
-93 234 -129 0
175 -284 -134 0
250 84 -205 0
-4 269 145 0
171 -155 -283 0
-140 120 230 0
-32 180 18 0
-247 -27 150 0
89 -221 -47 0
-7 -124 205 0
-276 -20 111 0
69 -136 -184 0
223 245 -86 0
128 -199 139 0
-172 27 76 0
182 -195 -225 0
300 -94 180 0
-12 205 -90 0
-46 -48 119 0
215 277 -213 0
54 265 -190 0
247 -1 -18 0
62 -121 107 0
124 12 -99 0
-37 -20 -166 0
49 -80 -85 0
-41 188 78 0
271 77 297 0
-243 -56 -101 0
31 24 -250 0
-221 183 110 0
138 41 -145 0
-41 9 -34 0
-45 -255 142 0
-282 163 -292 0
-201 270 -44 0
6 -261 130 0
19 205 266 0
32 -228 -91 0
-271 -279 -13 0
-269 -36 195 0
40 -102 288 0
-211 4 -246 0
117 7 231 0
296 -136 -40 0
-59 100 149 0
236 -258 159 0
-146 66 -116 0
-86 64 293 0
-48 -85 52 0
-1 208 148 0
14 -300 202 0
-121 178 226 0
-183 -155 259 0
-152 234 -78 0
284 80 -38 0
-42 -120 -261 0
-149 -199 110 0
-259 21 -150 0
-275 -228 -170 0
-276 218 267 0
286 -136 273 0
80 256 114 0
-285 270 -261 0
173 42 6 0
238 -182 -236 0
144 -15 -158 0
80 197 96 0
-117 254 202 0
-229 -86 164 0
240 -206 96 0
-177 -191 176 0
-196 123 274 0
-127 251 219 0
256 -136 -55 0
210 -271 285 0
177 -252 194 0
-95 231 279 0
79 269 -185 0
180 -40 295 0
-251 -40 67 0
-294 -194 -278 0
187 74 22 0
-232 176 -106 0
-69 -111 31 0
100 187 139 0
289 2 3 0
-68 274 -205 0
-57 62 155 0
214 -159 212 0
4 197 107 0
-136 225 -132 0
35 184 -110 0
-160 -104 -164 0
-293 -21 177 0
-158 -99 -109 0
-183 -110 -63 0
-15 26 -51 0
-199 157 280 0
-109 131 42 0
269 -144 72 0
220 113 -199 0
15 -76 195 0
-244 269 -175 0
-153 55 -203 0
240 34 -97 0
-96 154 17 0
171 149 12 0
-69 23 80 0
-229 -173 -172 0
131 65 144 0
-214 282 -211 0
-85 -152 88 0
-264 -26 270 0
-258 -15 294 0
-97 262 -218 0
-285 232 10 0
279 178 49 0
-262 -248 -16 0
283 -44 199 0
69 -254 266 0
-240 -151 165 0
95 223 -283 0
-256 160 125 0
255 -95 8 0
5 -136 119 0
47 211 -202 0
238 -225 -131 0
-139 249 -55 0
-110 299 57 0
23 -196 -241 0
242 -64 -156 0
-134 -275 -43 0
-160 -282 92 0
-206 -125 163 0
-188 -93 -100 0
-192 239 12 0
-293 -68 -187 0
112 218 -168 0
79 36 -257 0
230 -170 -210 0
82 -166 -264 0
216 35 151 0
54 -300 133 0
279 132 214 0
63 -282 50 0
-203 178 289 0
-209 214 -285 0
-145 -114 -227 0
-70 190 272 0
-52 205 -84 0
-211 -169 253 0
118 -292 -150 0
8 241 -281 0
62 -265 -257 0
136 67 249 0
138 76 238 0
11 91 -88 0
105 -47 186 0
51 -49 -218 0
-186 -76 -108 0
-2 113 53 0
194 -157 -125 0
-79 -290 -164 0
-193 37 230 0
-141 198 -269 0
-244 230 170 0
300 -113 63 0
72 -279 268 0
-251 -9 -17 0
-173 263 117 0
-196 -119 -31 0
-268 27 -150 0
-197 297 151 0
67 -4 -201 0
137 113 -260 0
223 165 10 0
-122 163 38 0
-124 168 -213 0
-30 -14 212 0
275 196 167 0
-267 164 241 0
167 -292 -121 0
-248 -26 -174 0
-14 -2 -159 0
257 -139 -150 0
243 99 117 0
193 -282 -74 0
-295 282 153 0
107 -5 -27 0
-2 -277 -213 0
32 -74 -158 0
-277 -207 13 0
252 219 32 0
-59 -217 148 0
-197 -181 -117 0
-193 -224 -205 0
-297 143 69 0
190 217 249 0
-106 141 -42 0
108 207 233 0
-145 -287 -30 0
207 -287 283 0
173 -176 278 0
-126 -46 -85 0
-250 -99 -188 0
-139 -170 192 0
-249 276 185 0
-227 205 297 0
74 -130 47 0
299 3 215 0
-10 -37 170 0
15 125 104 0
185 -19 183 0
240 -275 29 0
115 -118 -279 0
-48 217 -289 0
280 -196 42 0
-11 227 238 0
81 -230 251 0
-179 -156 215 0
207 -151 145 0
-220 -252 -254 0
-177 -97 32 0
86 -253 146 0
128 -148 16 0
114 172 -254 0
30 -104 182 0
91 98 56 0
288 -115 -45 0
207 -258 -108 0
117 -71 293 0
247 -81 283 0
51 264 85 0
-14 15 239 0
-236 -159 -169 0
-156 64 127 0
299 295 -249 0
-62 -284 235 0
-128 -233 -163 0
-128 235 149 0
8 -9 163 0
299 -258 73 0
