c instance by G2
c solution = 100110010101011000001100101011001000000110011100000100111000001101011001000000001011000110010101000100010110110011110011010100001011000011100111101100011001001100100101110111101010011111011111101011101100010011010101000111001101001111100101000010110001100110010110100100100111000000000011010101110110
c Known solution cost is 14720 
p cnf 300 500
w 18 28 18 61 21 90 42 59 28 18 46 60 6 98 28 28 95 47 27 99 40 30 97 19 79 36 61 13 81 43 60 52 71 31 13 93 21 55 52 49 25 50 9 31 48 38 12 96 37 39 47 29 21 44 0 52 32 62 65 66 5 77 18 28 8 83 73 82 90 78 31 67 28 93 51 29 83 63 77 72 54 76 1 27 21 1 79 5 63 96 71 20 25 41 1 34 76 26 16 18 4 99 86 85 44 37 66 27 0 43 99 6 71 52 33 92 6 64 50 69 12 73 42 37 67 43 23 43 69 39 62 26 91 0 11 35 37 29 15 89 24 66 95 95 19 28 40 25 44 90 46 56 63 88 93 82 83 17 26 5 8 40 31 51 40 94 87 29 23 54 18 99 20 13 94 39 93 34 16 37 76 63 93 92 3 38 74 39 55 52 44 16 44 27 67 36 21 6 65 96 60 83 47 81 96 41 72 41 28 41 78 4 4 23 96 59 14 23 98 21 75 42 37 20 69 57 56 42 63 74 90 24 57 37 57 6 31 81 47 59 22 78 63 78 53 12 38 67 35 36 89 62 31 78 34 52 35 43 47 99 17 37 75 74 27 84 32 58 65 80 69 88 10 84 18 63 96 56 83 83 45 24 46 76 2 32 28 90 75 75 41 92 65 16 19 44 52 51 54 17
271 118 91 0
-177 -46 -105 0
259 -230 244 0
-185 44 -226 0
283 288 -4 0
227 -268 33 0
186 126 289 0
155 -174 199 0
-190 54 189 0
207 211 -62 0
126 -150 291 0
137 -64 -233 0
-286 126 -139 0
59 -154 -189 0
150 -47 91 0
-181 -142 -166 0
-75 264 -121 0
-210 -215 89 0
250 -167 28 0
-148 -147 -176 0
17 260 234 0
158 -179 199 0
104 55 -291 0
191 173 -220 0
-285 204 230 0
293 -78 -124 0
-16 28 -188 0
117 223 -58 0
-156 -46 72 0
205 -71 -283 0
131 -116 37 0
128 -172 -11 0
-27 -287 -272 0
290 -120 -107 0
236 -207 121 0
33 275 242 0
47 -275 68 0
-66 -243 102 0
-60 -221 62 0
79 180 -223 0
25 119 186 0
-33 -242 -199 0
66 -106 53 0
-64 -191 160 0
278 -295 153 0
18 60 179 0
-9 121 278 0
-23 -69 284 0
-245 -204 -4 0
2 -259 -200 0
-124 -272 -42 0
-212 144 147 0
160 287 -235 0
97 -215 272 0
-253 -80 -262 0
78 150 -112 0
133 -147 252 0
-103 250 -265 0
-268 248 -144 0
54 -34 -198 0
216 86 289 0
-278 241 214 0
132 -195 117 0
274 243 -206 0
142 122 251 0
-46 53 265 0
-57 198 -51 0
104 37 -111 0
-122 -286 -227 0
84 9 207 0
47 -275 64 0
-206 166 203 0
82 -197 166 0
165 -110 287 0
-34 -264 -55 0
147 196 300 0
-161 1 127 0
269 -61 -260 0
-130 125 65 0
130 -3 263 0
164 -36 -251 0
217 228 42 0
168 -251 196 0
-52 283 29 0
177 279 -115 0
-147 257 -185 0
55 -88 57 0
-162 -168 51 0
103 59 116 0
-109 -226 -278 0
-243 -284 -248 0
39 -288 -273 0
-52 263 -189 0
-247 218 -117 0
252 -165 -270 0
-295 -178 75 0
113 117 261 0
-8 231 -299 0
-160 18 -281 0
50 56 -238 0
13 34 22 0
-18 -5 -240 0
-143 280 138 0
-289 -298 -296 0
-4 -199 262 0
-37 -265 293 0
21 202 291 0
105 -155 223 0
41 48 255 0
-155 -240 74 0
-246 121 168 0
170 -288 58 0
-148 -129 139 0
-251 246 -175 0
-118 231 254 0
285 164 15 0
-235 -69 -297 0
36 284 -283 0
-3 229 65 0
-19 -114 93 0
220 -139 -225 0
-132 250 -149 0
-8 -145 232 0
-100 -249 118 0
73 28 115 0
37 -28 75 0
72 145 -204 0
-230 44 60 0
204 106 -57 0
30 91 -287 0
263 -220 66 0
-100 -46 -16 0
187 -269 -132 0
72 147 291 0
-13 -272 56 0
116 74 122 0
190 -113 54 0
115 195 -54 0
-281 -20 267 0
225 -265 286 0
274 -131 -296 0
-227 224 204 0
-265 74 -59 0
17 260 103 0
-148 -172 -24 0
-54 264 6 0
119 255 -94 0
299 125 286 0
200 -144 -125 0
-186 -117 -256 0
78 -211 -104 0
-148 -46 -134 0
-101 35 120 0
-194 50 -241 0
-183 15 18 0
188 -44 231 0
-281 -144 -174 0
-21 -210 46 0
-79 43 -74 0
-252 114 -220 0
101 299 -276 0
12 245 42 0
271 -169 93 0
-26 255 -48 0
104 37 -265 0
-9 -134 80 0
228 79 -122 0
206 -63 258 0
-70 -120 86 0
-215 91 154 0
-159 -31 -1 0
-71 -152 32 0
-178 224 149 0
-139 -74 -168 0
-254 113 -267 0
144 -107 208 0
141 -30 245 0
-298 -259 219 0
-219 11 -286 0
211 -118 -58 0
163 176 286 0
153 116 -243 0
-228 188 117 0
296 -64 211 0
203 289 265 0
-59 229 69 0
10 200 -56 0
6 282 -105 0
100 -96 -268 0
33 -212 76 0
-22 -130 -296 0
40 11 -113 0
-22 46 132 0
-95 79 34 0
-146 -275 69 0
-158 -225 3 0
-93 37 -121 0
-292 -17 275 0
-94 -142 -128 0
-115 -270 178 0
200 27 53 0
152 -143 251 0
65 167 144 0
121 -87 82 0
68 -166 -44 0
63 130 -15 0
-85 -210 -40 0
-8 112 288 0
-119 257 157 0
-188 -115 143 0
-288 37 -164 0
2 267 -49 0
255 168 -107 0
84 -176 201 0
38 -272 -70 0
-210 -179 245 0
-36 -184 289 0
64 -4 -15 0
-94 140 226 0
-94 49 21 0
-64 -81 -18 0
218 69 -15 0
-283 255 -118 0
-122 -256 -254 0
180 -229 -168 0
261 30 131 0
105 -143 120 0
253 -8 194 0
-146 -276 231 0
-245 124 -8 0
-136 251 -247 0
291 -91 175 0
-111 42 134 0
-165 149 286 0
264 298 82 0
205 -258 244 0
-213 -189 233 0
-234 102 -255 0
-176 -107 154 0
158 -97 -30 0
-244 -293 228 0
-41 -84 -90 0
-157 -33 -183 0
-76 87 -160 0
-57 195 181 0
169 85 -186 0
-185 -161 227 0
280 61 115 0
-173 -169 197 0
-284 213 208 0
-122 -75 -191 0
52 -172 200 0
187 241 -39 0
-181 110 111 0
196 -277 -30 0
54 -203 -94 0
146 211 -151 0
223 144 182 0
233 59 -168 0
-29 14 205 0
-51 -203 -159 0
55 -96 273 0
230 -177 145 0
-296 113 35 0
45 -104 270 0
-172 -140 -47 0
-78 168 75 0
123 43 88 0
37 -221 94 0
110 272 78 0
-118 -63 70 0
-88 25 111 0
175 -295 -41 0
77 152 270 0
-27 -235 173 0
-45 -205 -250 0
129 242 118 0
241 38 -102 0
-260 25 -41 0
155 -144 -291 0
-221 -293 16 0
33 -294 -243 0
-169 198 279 0
205 -261 94 0
-115 -193 240 0
-193 105 92 0
181 205 -42 0
-218 78 154 0
82 -196 -126 0
279 -68 -250 0
-50 118 101 0
90 -72 -133 0
42 -237 58 0
-32 -182 -59 0
270 -59 -22 0
40 -32 -151 0
235 -184 -225 0
254 52 -261 0
-93 71 2 0
219 -163 64 0
213 220 -262 0
-20 -296 200 0
237 -180 204 0
149 -282 -247 0
69 282 -138 0
-207 153 19 0
-51 -296 -247 0
284 196 233 0
297 -89 107 0
168 78 -235 0
43 -287 -279 0
147 166 229 0
-217 7 -86 0
-48 -126 -231 0
259 77 -126 0
270 201 -178 0
-56 202 282 0
-205 -199 -84 0
-131 126 172 0
-48 203 13 0
68 -104 116 0
-253 -12 -289 0
240 128 66 0
165 -8 -277 0
-169 90 201 0
218 -37 -179 0
159 211 -170 0
-287 185 278 0
180 164 183 0
-270 -94 82 0
210 97 -260 0
26 172 -290 0
-251 -71 84 0
164 93 191 0
-288 122 -210 0
-228 -281 271 0
222 -52 146 0
32 -132 170 0
-233 222 -209 0
-66 -184 -213 0
22 -62 -154 0
-185 -187 -94 0
-137 -208 -115 0
-240 -174 -77 0
264 8 243 0
28 -221 -53 0
194 -32 -106 0
295 67 -299 0
70 -6 19 0
227 221 -72 0
183 -90 -222 0
-115 49 -261 0
89 37 -56 0
117 99 -13 0
145 -252 294 0
-91 -185 146 0
31 -7 54 0
240 184 220 0
-55 -123 121 0
124 -57 -148 0
185 229 197 0
50 -138 -204 0
-271 4 48 0
-38 270 -154 0
-106 -258 146 0
-217 35 118 0
-286 -154 76 0
-121 -4 -57 0
-50 269 277 0
-143 274 -243 0
-67 75 213 0
71 -194 -292 0
155 294 -4 0
-201 -279 143 0
-274 83 98 0
292 202 146 0
-133 -266 -256 0
-50 108 -186 0
1 73 127 0
209 -92 47 0
276 300 176 0
-216 22 284 0
-117 199 12 0
49 32 30 0
45 184 230 0
-51 -116 -256 0
71 2 -35 0
-244 136 -221 0
109 -137 -57 0
-146 65 267 0
31 -115 -246 0
-17 165 -274 0
81 -257 223 0
-183 9 -219 0
289 269 -300 0
31 200 -127 0
-281 -173 42 0
121 23 256 0
-170 133 182 0
108 266 292 0
-298 -132 214 0
-183 -82 -271 0
167 269 -101 0
-26 87 146 0
258 250 -43 0
290 134 152 0
-16 238 -184 0
-246 -134 -300 0
-274 -29 174 0
-157 -216 -276 0
-38 165 -188 0
106 -84 -25 0
-240 -79 158 0
-41 50 231 0
-264 -209 -145 0
51 -200 -145 0
104 -137 -298 0
24 -246 109 0
157 159 106 0
207 49 188 0
-1 -99 65 0
194 294 24 0
261 -65 -197 0
166 -40 -143 0
-87 120 -164 0
-199 -130 -225 0
-135 -12 65 0
-142 -61 205 0
-146 83 150 0
54 275 286 0
-98 117 17 0
17 -1 -224 0
101 126 120 0
3 57 38 0
51 89 -68 0
142 -177 -299 0
-32 8 287 0
-169 285 -141 0
-236 98 34 0
28 -279 156 0
12 289 204 0
87 156 300 0
15 11 34 0
105 -30 -266 0
-238 249 190 0
96 -234 -248 0
-184 76 -108 0
243 212 101 0
-292 -4 129 0
-29 -221 -187 0
75 -140 -45 0
250 -201 234 0
-292 -114 -77 0
-2 -184 -13 0
-76 -223 26 0
251 224 -267 0
-177 291 220 0
74 77 5 0
184 9 283 0
-147 -184 -79 0
-55 185 -192 0
-43 71 7 0
-82 -142 17 0
-19 14 96 0
164 -171 -160 0
-122 96 73 0
10 68 195 0
-33 -300 152 0
24 275 -246 0
-33 124 -159 0
279 87 268 0
-118 -299 254 0
-30 238 -193 0
-222 -202 83 0
-48 249 196 0
97 -73 244 0
26 193 194 0
-25 -173 -280 0
134 -196 -292 0
293 178 -250 0
101 -241 -202 0
89 110 200 0
299 -221 254 0
131 -173 168 0
192 178 -216 0
-239 243 217 0
-5 -132 -93 0
-215 261 147 0
297 -86 -220 0
24 202 50 0
293 -96 148 0
58 247 -106 0
286 -2 171 0
-168 53 210 0
-69 -108 -111 0
19 280 -219 0
170 216 138 0
-88 240 -214 0
84 -46 62 0
-85 72 76 0
