c instance by G2
c solution = 001000101010011000101010000101011011000101100000111000001011100000000011101110101001101001111011011010100111111011001101000100001101101011100101000000100000000101011010110100001001101101000010101001010000100011101011011000010100001011000101011110010110111011010001101111010101001010010111110110011100
c Known solution cost is 14805 
p cnf 300 500
w 63 29 41 27 63 47 42 84 81 15 9 30 78 86 19 48 92 93 13 5 50 92 20 45 62 68 84 18 38 46 43 54 75 36 33 39 83 75 23 16 42 84 46 20 71 66 68 63 11 33 21 62 77 41 59 92 62 95 10 52 42 5 6 17 41 39 8 77 66 84 93 8 68 40 81 91 58 49 7 69 35 28 83 12 21 94 4 83 90 67 88 32 72 94 1 66 86 62 95 4 46 88 65 66 80 46 10 90 47 17 12 82 97 95 47 70 90 51 54 32 70 94 64 43 88 17 61 26 79 56 83 25 44 48 92 77 46 54 67 93 71 31 28 20 27 27 90 69 78 96 1 49 90 17 44 31 34 57 57 66 13 40 43 9 40 87 86 86 41 6 32 12 37 12 84 16 39 75 37 69 23 38 70 14 7 66 45 42 23 54 60 36 47 3 46 39 91 84 26 32 42 10 45 32 22 81 0 13 56 38 82 80 76 5 46 84 71 43 78 95 49 38 83 48 41 81 88 32 18 66 17 12 76 62 44 50 95 45 15 52 83 49 84 11 54 82 47 78 25 25 25 26 15 8 75 9 42 63 93 60 81 10 72 9 24 69 59 20 14 74 24 49 23 8 60 30 42 8 8 67 85 33 45 53 93 20 62 35 35 55 47 16 18 20 25 42 41 36 62 55
260 -238 -117 0
178 32 26 0
-267 -140 -30 0
156 -55 -60 0
165 -120 6 0
-186 -116 78 0
-273 -227 -258 0
-157 -256 -90 0
-192 -216 182 0
-293 110 -20 0
-232 -84 214 0
27 33 281 0
-40 -263 202 0
-160 -57 267 0
55 -85 181 0
-14 233 176 0
-130 -10 149 0
-32 -111 36 0
275 -133 -88 0
116 118 -57 0
204 160 237 0
-41 176 204 0
-256 260 -229 0
-104 -33 -249 0
-188 -167 -142 0
-206 166 -299 0
158 128 90 0
-101 -64 25 0
190 -191 113 0
-178 -85 -60 0
217 -162 -196 0
178 -265 92 0
275 231 47 0
-2 -160 141 0
48 -203 30 0
-186 211 300 0
145 -290 -62 0
-149 158 162 0
109 205 -267 0
225 -52 -84 0
-259 171 202 0
80 31 -22 0
281 -101 239 0
259 266 -89 0
-195 -145 271 0
83 241 130 0
-218 -276 292 0
-24 -50 125 0
-76 250 -245 0
-36 -109 -227 0
-143 -297 -60 0
86 -200 -278 0
57 -129 31 0
-274 -171 39 0
-204 138 -104 0
-237 -287 34 0
-149 194 249 0
106 62 -296 0
-184 -253 -44 0
-215 -127 -43 0
-71 73 175 0
55 -136 -250 0
241 -74 246 0
55 -58 100 0
-162 84 -130 0
-221 -224 -177 0
-54 104 -165 0
-31 -129 206 0
-135 247 -88 0
-151 252 -285 0
-36 -231 -16 0
-216 237 -97 0
158 -26 -238 0
259 -279 -89 0
35 76 -215 0
-66 -268 102 0
-223 -38 161 0
-39 -268 266 0
-287 -190 -40 0
-65 237 290 0
-40 -223 222 0
125 266 -48 0
173 -107 -185 0
119 -196 -75 0
140 265 18 0
-55 -136 -31 0
-18 56 224 0
-207 271 -124 0
253 220 285 0
140 46 79 0
246 -145 251 0
165 198 113 0
-93 -78 -160 0
-81 91 -36 0
-253 -4 273 0
218 -54 -196 0
193 -69 -174 0
-270 144 147 0
-21 -151 132 0
95 -24 36 0
137 132 -145 0
-208 202 -269 0
294 35 199 0
264 -164 74 0
-37 78 -2 0
-41 -119 124 0
156 151 228 0
-240 291 -44 0
289 -49 -71 0
-160 166 -27 0
114 -171 -49 0
-274 -187 199 0
152 -83 153 0
-212 220 56 0
294 268 206 0
-57 230 96 0
-262 -71 236 0
-204 -165 220 0
-158 -258 242 0
-50 -82 -253 0
-167 150 -222 0
-168 -232 299 0
-13 -33 146 0
-102 119 -101 0
-107 2 -52 0
-137 35 -250 0
-216 -297 98 0
7 93 163 0
114 48 103 0
246 -38 -99 0
-9 210 -256 0
-279 -57 231 0
300 177 88 0
9 271 -162 0
-157 10 208 0
-223 -277 170 0
-283 271 174 0
145 190 215 0
-92 -67 -276 0
216 -195 -233 0
-265 237 -39 0
244 -295 55 0
-176 266 -37 0
206 178 -275 0
125 41 -121 0
-236 141 26 0
92 217 115 0
-286 -64 -225 0
-74 6 -223 0
-147 -142 6 0
224 154 -30 0
-230 -224 -199 0
-198 61 -224 0
-131 22 -9 0
-180 152 245 0
-287 67 -176 0
-226 265 197 0
-15 171 117 0
194 271 49 0
295 108 252 0
28 15 -168 0
-50 136 180 0
297 -274 -276 0
148 142 -50 0
-198 -27 -180 0
68 -174 236 0
199 120 5 0
121 101 100 0
31 -200 195 0
-118 54 164 0
-232 -264 300 0
-162 205 194 0
227 152 293 0
-40 116 -154 0
-8 -238 -183 0
297 -198 -77 0
-158 161 12 0
10 245 -91 0
-132 -112 117 0
-229 190 261 0
-70 31 -250 0
-122 232 45 0
170 141 175 0
97 300 114 0
175 -281 -148 0
-105 239 -186 0
69 68 254 0
255 1 -7 0
257 -34 -156 0
43 -230 -150 0
124 -289 -231 0
44 197 -194 0
-137 213 17 0
-216 -86 -209 0
-224 -21 233 0
-281 81 -183 0
22 275 -63 0
271 -29 -226 0
-152 74 80 0
89 -246 31 0
191 -192 251 0
-26 67 -89 0
-113 46 -280 0
90 282 22 0
252 114 -90 0
-226 -74 4 0
157 -150 98 0
14 86 -11 0
-164 42 237 0
-263 -242 47 0
174 -98 274 0
-40 -59 -45 0
-122 -209 157 0
299 51 222 0
-131 -83 -108 0
57 232 104 0
290 -9 119 0
-56 127 -191 0
58 43 166 0
46 146 -175 0
-46 81 -249 0
272 -254 237 0
-79 239 -146 0
-251 296 128 0
258 63 -290 0
-274 250 241 0
248 -51 201 0
280 70 -166 0
-17 -30 -165 0
-165 -277 -73 0
63 -243 21 0
247 218 185 0
-230 -113 50 0
-73 -160 279 0
-113 28 -255 0
-274 -73 40 0
-75 -218 111 0
-201 -61 -276 0
-188 64 -41 0
-100 280 -277 0
12 -120 234 0
137 34 62 0
-143 158 -108 0
209 -116 200 0
102 286 -43 0
-33 -50 -153 0
-112 -248 -272 0
-138 240 -99 0
-156 -147 -88 0
-60 167 145 0
-109 -112 6 0
116 19 146 0
23 -234 101 0
-184 191 -28 0
-30 219 -96 0
79 219 180 0
-142 -6 189 0
43 -29 -57 0
172 -200 163 0
128 -156 62 0
-243 -108 -65 0
-139 288 91 0
173 188 -121 0
101 -264 -180 0
93 -260 -59 0
-260 271 -187 0
153 13 -5 0
-181 -273 294 0
-295 156 -133 0
291 -236 -296 0
-32 86 -150 0
-239 -17 -273 0
-79 93 -123 0
-177 132 -9 0
-36 253 7 0
239 -281 -299 0
-42 103 227 0
176 -203 59 0
50 175 237 0
-37 258 -12 0
-88 102 -21 0
-155 -267 -238 0
60 141 176 0
205 252 21 0
55 -197 -210 0
-245 277 139 0
-66 -80 -104 0
-184 -264 72 0
198 62 192 0
129 49 -286 0
60 -48 -59 0
233 3 -283 0
94 -182 -144 0
154 -271 -180 0
-268 -216 -126 0
153 -83 299 0
293 -75 64 0
-238 -266 104 0
-226 -69 191 0
184 39 -19 0
-181 -297 23 0
36 -147 -21 0
210 -107 -113 0
-163 58 241 0
-245 270 -76 0
-128 -99 4 0
239 131 109 0
4 -189 171 0
118 -74 260 0
-24 217 -140 0
45 -220 208 0
-159 291 -144 0
-115 -211 -234 0
220 -137 -294 0
208 89 -97 0
-3 -137 -206 0
-268 -127 -17 0
-171 197 6 0
-104 140 -113 0
-32 -129 297 0
-61 8 -80 0
-35 113 -60 0
-101 28 -136 0
104 -262 290 0
87 -215 -181 0
-239 -54 57 0
-295 241 -238 0
-108 -248 -119 0
177 189 -107 0
191 120 109 0
-15 -150 -66 0
-191 123 129 0
-265 36 136 0
-179 -99 222 0
4 -261 -218 0
94 238 2 0
-293 -196 -164 0
68 -99 15 0
207 87 -145 0
78 -141 175 0
204 257 102 0
276 -238 1 0
86 236 -271 0
-43 -49 164 0
287 -87 -137 0
-254 -190 236 0
62 -20 -98 0
216 118 152 0
186 -294 -179 0
121 250 -65 0
176 212 99 0
291 -34 6 0
-184 -11 288 0
-257 -96 -300 0
-235 125 128 0
266 -166 96 0
-7 137 35 0
49 -58 54 0
36 -289 -76 0
159 -76 144 0
36 -213 -211 0
259 298 -184 0
-53 -87 203 0
261 63 77 0
-222 138 32 0
182 -62 -164 0
85 98 -80 0
61 78 94 0
62 132 -151 0
-9 278 -202 0
153 285 -275 0
-49 -176 -92 0
-247 -3 -253 0
95 -196 -111 0
-246 115 51 0
133 10 -50 0
283 -128 -82 0
270 -277 -110 0
59 -145 -22 0
102 -149 -94 0
-168 152 -23 0
-215 -183 -38 0
-79 -42 -25 0
278 18 -134 0
204 -102 274 0
36 -133 -174 0
-267 -147 -81 0
-89 291 186 0
245 -133 15 0
-1 -186 88 0
243 -195 -298 0
-153 52 115 0
24 94 -161 0
-96 45 -152 0
-192 46 105 0
-122 258 -75 0
79 -174 -160 0
168 -54 -91 0
-281 -206 249 0
287 -25 -97 0
275 -172 138 0
227 -185 64 0
-174 10 2 0
121 183 -248 0
17 -43 -252 0
-299 -6 161 0
251 140 297 0
-217 45 -59 0
-211 78 -125 0
243 30 300 0
-213 117 218 0
-268 -198 85 0
-209 175 269 0
90 -255 -31 0
-151 17 286 0
268 249 259 0
242 -138 16 0
-250 -225 56 0
-222 63 50 0
30 -226 -248 0
-124 76 249 0
258 27 103 0
121 -73 59 0
-57 191 264 0
-245 265 -250 0
280 188 3 0
-234 -133 -12 0
7 283 -36 0
-22 -106 -111 0
-185 -201 -262 0
-176 26 -197 0
123 33 222 0
-71 220 -173 0
181 277 32 0
-18 65 -243 0
-152 -30 284 0
282 281 214 0
-259 215 295 0
-50 -17 210 0
135 -257 -57 0
95 -172 82 0
89 243 -117 0
-281 53 -69 0
193 -169 -284 0
-282 178 187 0
167 -280 92 0
-197 246 -270 0
-225 230 -5 0
-175 231 171 0
-226 -239 -272 0
69 154 200 0
239 -256 66 0
282 299 -150 0
110 -88 83 0
-50 -148 -261 0
261 284 127 0
226 -292 13 0
-209 196 162 0
24 -53 -295 0
147 -214 222 0
-297 -33 169 0
-60 -39 -106 0
-30 -257 -25 0
-205 -241 -286 0
162 158 -58 0
-14 209 119 0
299 85 87 0
-35 24 244 0
-293 -91 -46 0
-129 -4 -117 0
159 -228 -14 0
26 107 70 0
-281 -165 170 0
-103 24 -141 0
228 -151 -68 0
71 122 187 0
-148 -110 20 0
-15 -19 -94 0
-260 125 -41 0
119 -123 -211 0
-140 278 -193 0
-242 11 -250 0
249 194 110 0
232 -37 88 0
229 -203 -90 0
-281 -157 -222 0
-181 -100 154 0
251 294 -210 0
63 75 -250 0
73 161 -152 0
-159 -65 -161 0
39 119 -12 0
280 -292 -291 0
8 -249 -216 0
261 186 -162 0
-47 53 148 0
-230 -108 -84 0
160 223 8 0
236 -73 108 0
-49 -199 -50 0
