c instance by G2
c solution = 110111100000001010000101101010101110000101111110110101011010000111101010101010101111000001001110000001010101110001111111011100111011111101110110001010110100111010011101010001011010001011111010111000001000011110010100111010000010011111110011011101110011000001100011111010101011101100100110000000111010
c Known solution cost is 15454 
p cnf 300 500
w 61 21 52 55 95 4 65 35 25 92 39 0 56 86 76 72 82 37 13 6 34 43 31 93 91 79 7 97 37 20 18 98 93 71 5 41 27 23 76 53 15 15 5 24 54 33 48 36 71 61 94 57 4 26 50 47 5 9 97 94 82 15 92 27 38 49 68 66 72 44 71 40 12 28 64 66 61 64 54 84 26 48 42 82 26 44 82 83 6 79 77 88 46 21 67 37 71 36 55 95 32 78 35 44 6 51 62 19 68 16 56 46 17 98 28 43 94 62 79 0 41 56 40 40 78 8 29 1 96 84 48 28 62 36 25 68 87 87 39 7 56 95 53 73 45 34 68 40 96 47 92 90 56 85 30 86 93 11 87 41 95 35 21 57 71 46 77 11 86 16 18 42 64 24 67 9 58 87 1 54 87 94 96 43 79 78 29 24 89 68 17 84 3 38 93 27 37 70 90 75 39 60 69 3 84 36 12 94 75 14 49 62 60 97 57 91 76 86 15 65 54 32 50 10 22 43 89 11 66 79 86 5 91 55 60 76 43 72 22 19 38 23 33 98 21 91 89 97 29 56 62 36 40 64 98 63 60 87 26 78 18 13 83 9 20 43 37 64 67 60 35 58 83 20 8 4 63 50 53 93 6 68 29 99 32 27 14 44 66 40 22 84 5 57 45 26 52 83 42 20
145 -78 -73 0
-54 253 -192 0
-50 -291 -247 0
9 253 93 0
273 -4 -90 0
13 30 -51 0
-266 -96 -69 0
-292 -179 293 0
258 -216 -209 0
-185 218 -17 0
-9 70 -168 0
-233 88 188 0
-64 -146 91 0
-261 184 292 0
-118 -34 -105 0
277 -242 -64 0
281 73 85 0
24 200 55 0
135 110 -60 0
-106 24 140 0
-149 -281 -280 0
215 14 232 0
258 -7 245 0
-96 -200 62 0
51 174 -243 0
38 238 40 0
-141 -55 58 0
-195 -269 -121 0
-41 -207 -214 0
-66 153 219 0
-269 256 143 0
-106 -104 -48 0
157 -34 -141 0
-256 -60 -1 0
98 259 299 0
-65 137 -225 0
144 -254 206 0
285 115 175 0
201 -75 210 0
225 -90 -298 0
-245 36 85 0
218 -265 -71 0
-92 294 30 0
38 -25 79 0
69 239 300 0
-219 68 75 0
-92 -65 -33 0
-283 147 -187 0
-114 -15 -203 0
-39 144 -266 0
268 -112 -266 0
188 128 -290 0
-78 166 248 0
-68 -177 -132 0
231 145 -143 0
-294 51 146 0
-20 -166 -212 0
-109 -243 189 0
-6 152 -265 0
-112 24 -79 0
97 -73 194 0
96 -172 23 0
215 259 -222 0
254 -167 -238 0
-65 -46 -184 0
37 41 136 0
-128 -2 119 0
-76 -246 -286 0
267 36 105 0
65 148 285 0
62 -230 49 0
-264 175 207 0
-181 270 12 0
-71 120 -244 0
-193 -99 -157 0
-221 59 -161 0
-287 -85 -221 0
-238 172 282 0
89 148 -125 0
165 261 98 0
89 45 176 0
-25 101 84 0
214 -69 215 0
-87 -104 86 0
-298 22 -35 0
228 -21 172 0
-135 -16 100 0
70 71 -18 0
-11 193 244 0
-191 247 -40 0
103 -29 -30 0
-98 -33 -208 0
-258 187 -15 0
-207 237 116 0
-217 115 -205 0
130 -13 172 0
-62 247 9 0
-244 252 -161 0
-211 -102 30 0
-180 203 -7 0
-42 197 -60 0
8 105 54 0
8 -300 -1 0
20 299 -31 0
50 -165 222 0
241 -190 -164 0
39 -61 -83 0
300 -211 58 0
226 -185 81 0
-290 -47 -42 0
-209 108 185 0
11 -47 -3 0
-50 94 -138 0
199 -19 -191 0
-80 -15 101 0
-24 -256 -14 0
-93 109 113 0
193 -143 88 0
221 47 132 0
110 -296 -1 0
-141 256 293 0
-69 239 32 0
62 153 -26 0
-82 240 78 0
238 -142 -32 0
140 74 196 0
298 -66 -268 0
17 -113 -16 0
-99 23 -127 0
80 275 -64 0
-90 222 -196 0
100 69 -93 0
-203 -174 21 0
-9 -255 -12 0
269 -196 -6 0
-52 -139 161 0
237 -21 262 0
30 92 -121 0
-236 177 112 0
-285 -244 -77 0
51 -153 -82 0
-221 51 -55 0
12 -87 -151 0
18 168 250 0
-123 -89 -75 0
-34 -290 225 0
-297 -144 -84 0
-149 -34 6 0
30 -78 -278 0
-253 197 300 0
283 -251 -214 0
88 116 155 0
-104 170 214 0
-284 111 82 0
-30 -269 154 0
-205 -219 -15 0
-131 206 -287 0
30 -155 97 0
163 -76 -43 0
161 -81 -197 0
86 -252 -282 0
143 -123 -226 0
187 -31 -82 0
171 238 -88 0
-240 229 129 0
30 255 -18 0
-46 233 192 0
80 33 -77 0
-151 101 -272 0
42 108 -251 0
158 -7 144 0
-233 232 -229 0
264 -283 -124 0
-179 39 108 0
-246 -103 51 0
55 -256 -26 0
-208 147 -2 0
213 46 100 0
-226 76 200 0
73 284 -69 0
-74 -103 -187 0
-55 192 -163 0
-117 121 161 0
150 163 -36 0
28 7 -6 0
-36 -259 -139 0
-179 34 -7 0
290 71 253 0
-47 190 -23 0
-252 -130 -136 0
116 246 1 0
-197 -248 -90 0
-299 -48 38 0
-76 -194 70 0
-207 -67 246 0
-197 -5 -297 0
259 114 270 0
216 174 -236 0
-92 -189 207 0
-116 213 128 0
-156 -90 -134 0
232 -209 -207 0
-289 -149 160 0
-11 141 129 0
-174 19 -241 0
239 243 62 0
-191 -204 171 0
272 -97 -232 0
-104 -220 19 0
-107 173 162 0
131 -255 -18 0
243 -6 -159 0
128 -124 210 0
40 -186 103 0
-260 -40 116 0
-75 214 -269 0
-66 26 -88 0
-104 293 -274 0
-191 208 -134 0
211 -118 259 0
122 272 -31 0
-215 270 254 0
-45 -162 -193 0
88 113 263 0
-154 130 56 0
62 63 108 0
-199 -12 -184 0
-240 -182 -54 0
-98 -165 218 0
-112 -219 256 0
60 -109 57 0
-32 -161 -144 0
-218 -31 52 0
153 149 12 0
-271 79 193 0
-281 -109 -77 0
-245 264 -150 0
-201 151 210 0
219 66 -71 0
26 117 -273 0
268 -250 -266 0
201 277 69 0
-252 201 155 0
-109 242 169 0
151 200 212 0
75 -286 13 0
62 -63 130 0
-269 59 163 0
-2 -74 -276 0
203 -83 236 0
150 112 -160 0
19 144 -171 0
-64 -131 -202 0
-48 -94 76 0
60 -134 221 0
-22 83 -7 0
-235 99 -222 0
-132 151 269 0
200 212 99 0
-248 -95 -262 0
94 196 192 0
-93 140 162 0
113 68 133 0
-187 -125 42 0
237 296 125 0
124 243 275 0
1 -22 -279 0
131 225 -90 0
295 220 -149 0
-93 -264 234 0
-71 232 -280 0
-124 -276 -88 0
88 -189 -100 0
52 -297 282 0
152 -172 -69 0
-119 144 -224 0
-143 162 -178 0
-112 -4 218 0
39 263 -109 0
-185 72 -249 0
-254 13 -52 0
88 -72 -227 0
223 -213 63 0
103 -172 72 0
107 204 -257 0
19 293 166 0
104 9 155 0
182 280 200 0
-194 -130 40 0
-113 -133 97 0
-133 -218 -203 0
232 -43 79 0
240 -247 295 0
105 34 275 0
-287 106 -132 0
-110 176 -27 0
-16 -220 219 0
183 220 -206 0
-9 295 22 0
227 -218 -170 0
101 153 251 0
-265 58 138 0
223 -123 152 0
195 -251 -239 0
-158 137 287 0
82 36 -116 0
76 -173 -264 0
-274 39 -72 0
81 253 156 0
-57 -30 -239 0
269 -140 26 0
80 -260 -114 0
-58 -239 55 0
-149 203 -260 0
-193 -270 175 0
157 55 -132 0
-186 266 -151 0
132 -146 139 0
134 -207 36 0
154 10 -239 0
-29 4 -149 0
43 153 -140 0
47 224 273 0
-286 217 -251 0
171 293 -86 0
-153 -169 -168 0
182 33 -279 0
-219 -64 134 0
12 -278 -84 0
288 273 280 0
-182 122 -145 0
265 127 293 0
253 -31 170 0
132 -265 -67 0
-234 286 63 0
29 180 293 0
-26 -170 -65 0
38 66 -140 0
150 -167 -218 0
-41 -198 253 0
-187 81 79 0
-76 197 183 0
240 290 -75 0
-260 207 29 0
-41 252 -106 0
111 77 245 0
-209 31 88 0
-194 -142 124 0
225 186 -151 0
291 104 51 0
-137 92 132 0
-200 -170 98 0
-101 -81 -27 0
250 226 -293 0
-240 -148 9 0
-56 157 203 0
-71 160 -91 0
-228 -52 -267 0
275 -200 -210 0
78 -273 35 0
-59 -83 -10 0
193 102 84 0
72 -239 -278 0
-71 70 191 0
-286 -219 67 0
150 289 -163 0
-219 289 25 0
68 -223 -127 0
265 68 -259 0
72 159 -147 0
44 300 -7 0
-269 -267 -137 0
47 -117 -123 0
-254 -90 281 0
94 -264 215 0
-25 17 -183 0
173 36 -126 0
5 203 148 0
-207 -7 -145 0
-224 -199 95 0
-171 272 224 0
162 -277 64 0
162 142 -299 0
149 -154 -246 0
-27 5 29 0
103 89 295 0
-113 270 -149 0
-161 -28 -219 0
-109 15 -164 0
169 230 -47 0
-288 -52 192 0
236 78 36 0
112 -84 219 0
-244 -25 118 0
164 253 130 0
252 32 61 0
-243 169 271 0
-48 -194 205 0
36 -184 200 0
-194 -134 276 0
52 -133 -230 0
58 177 77 0
196 -8 -40 0
254 85 266 0
150 241 -229 0
-179 241 135 0
127 272 153 0
-237 -1 126 0
-45 185 210 0
202 -17 -200 0
152 -73 97 0
175 -281 -258 0
102 -218 -152 0
-218 252 -277 0
-51 -234 3 0
78 -120 -169 0
-116 11 -298 0
-48 122 -116 0
128 97 -136 0
61 235 -65 0
-284 182 181 0
-246 227 -68 0
66 -102 -235 0
-116 123 -90 0
274 151 -166 0
254 -47 -38 0
-129 -73 -11 0
-209 -218 297 0
-227 -249 -279 0
-35 -111 215 0
-82 245 -150 0
-35 139 16 0
-102 74 -18 0
43 148 -109 0
100 285 243 0
262 294 -74 0
22 126 -275 0
191 -179 161 0
111 255 277 0
51 -277 95 0
9 -256 8 0
-242 132 18 0
-56 -243 90 0
-219 -268 19 0
228 -220 -93 0
-136 60 67 0
63 209 155 0
27 -296 -266 0
234 91 -230 0
3 182 154 0
105 296 -240 0
244 -139 -159 0
-68 171 -60 0
-112 18 -40 0
-271 289 2 0
231 -229 278 0
163 -53 -5 0
282 -154 -32 0
45 167 -110 0
-5 175 -12 0
-287 32 -36 0
135 4 -177 0
156 -198 249 0
-71 46 83 0
-63 -54 -70 0
-5 179 -129 0
-175 -154 -115 0
290 42 -152 0
-110 -68 160 0
-259 -140 -216 0
-14 -49 -165 0
-37 -183 -109 0
121 -33 116 0
-70 -259 -231 0
-248 112 84 0
-33 154 -264 0
267 217 238 0
282 250 -199 0
-295 -291 -140 0
239 -247 206 0
86 248 105 0
144 37 109 0
-161 -143 -255 0
-156 105 160 0
102 255 -14 0
-126 -115 298 0
-118 149 -195 0
-210 -133 14 0
-65 -206 52 0
-62 11 167 0
52 194 -12 0
106 53 -265 0
94 -296 223 0
145 194 -170 0
107 30 279 0
66 39 198 0
-256 -169 -66 0
114 113 -179 0
-44 -241 59 0
-6 -126 -36 0
