c instance by G2
c solution = 10011100010111101110111101010101100000000011001110100000100110001011111100001010001011101101101010100010110011001100011001101000100101111110000111000101011111001010001111111010110100001111111001001011
c Known solution cost is 10540 
p cnf 200 500
w 58 90 92 71 69 45 73 11 96 40 5 50 95 69 50 88 68 1 66 52 0 7 63 42 33 33 46 99 88 97 57 98 87 1 70 8 46 43 20 94 35 77 45 82 98 95 70 66 96 88 71 97 48 34 91 81 68 89 32 8 86 89 6 26 42 28 86 88 72 58 83 59 35 80 42 86 75 64 52 24 53 23 73 53 10 64 34 78 5 66 86 44 8 44 70 50 73 8 91 97 67 26 8 54 6 50 40 33 67 45 57 72 20 30 25 30 46 11 60 52 29 46 96 89 43 18 92 16 26 35 13 45 61 21 0 19 24 40 52 43 37 62 15 58 92 92 88 91 55 49 43 84 47 91 26 90 9 18 58 35 53 71 33 66 45 33 37 21 25 41 64 63 3 31 21 48 75 61 91 30 62 34 66 10 77 92 52 86 62 11 73 67 34 6 85 79 91 22 52 17
181 -184 99 0
172 -168 -52 0
18 198 -128 0
153 -5 -16 0
-80 -25 94 0
142 109 -157 0
-167 -172 -2 0
-199 -94 124 0
193 -88 -16 0
96 -15 180 0
-116 -158 -77 0
196 3 21 0
-180 -134 -74 0
-174 -152 -136 0
-128 -129 107 0
-68 -177 200 0
-175 -191 188 0
93 80 43 0
-56 133 147 0
-132 119 -30 0
105 112 176 0
-5 -197 146 0
-135 108 -159 0
94 -112 -115 0
-166 23 28 0
-29 -32 51 0
40 -159 -101 0
-23 -55 67 0
-163 -153 132 0
-30 -151 147 0
-126 40 121 0
57 180 48 0
169 -189 -70 0
121 -162 16 0
-53 91 137 0
-146 192 1 0
76 -125 -78 0
158 39 -14 0
-144 197 45 0
-145 -28 105 0
-167 -35 -15 0
79 57 140 0
-14 -64 147 0
6 -53 -52 0
-88 52 -33 0
-31 -80 -124 0
-38 27 -170 0
-43 180 -149 0
195 -154 175 0
-157 -128 -162 0
-179 -52 115 0
86 42 -163 0
183 180 133 0
91 34 99 0
122 -186 -162 0
114 140 130 0
-186 84 -108 0
113 -1 -138 0
-152 96 97 0
-51 175 -200 0
193 -144 137 0
-154 164 -16 0
-140 172 -9 0
-87 33 -188 0
-149 -87 -72 0
179 74 -101 0
-181 127 -92 0
-198 -145 35 0
-56 46 112 0
34 167 -67 0
-31 -157 153 0
117 93 -43 0
-14 122 29 0
-15 79 64 0
176 90 -32 0
87 159 126 0
44 -83 -115 0
-19 132 177 0
191 176 -128 0
-115 144 23 0
106 -194 107 0
192 -72 67 0
162 -72 -62 0
-75 61 -164 0
174 -155 200 0
150 -76 26 0
-23 76 -25 0
-124 -178 159 0
-1 -109 103 0
65 -162 146 0
99 40 -168 0
91 150 -65 0
50 -160 -137 0
-6 -181 -167 0
-67 147 -111 0
-96 -90 24 0
19 26 44 0
130 8 -192 0
171 128 141 0
-175 -130 164 0
153 92 158 0
72 -25 -20 0
-77 -161 48 0
-133 -76 -55 0
-53 169 -178 0
-111 154 196 0
78 -182 37 0
-151 -10 -64 0
-71 120 178 0
129 65 67 0
-145 -86 135 0
129 -98 64 0
-130 -12 153 0
-121 104 -21 0
-132 -28 -45 0
6 -39 -150 0
-181 1 -50 0
-161 -196 100 0
8 -36 142 0
125 -4 59 0
-105 -178 33 0
123 70 6 0
129 -79 112 0
92 126 54 0
147 49 25 0
-193 -125 -150 0
121 -62 -45 0
29 85 58 0
-57 -11 146 0
-174 170 -113 0
101 -195 -123 0
66 -168 136 0
-95 -78 -69 0
-32 -177 178 0
-95 -153 -64 0
-89 92 45 0
-89 -18 -84 0
-58 -108 197 0
26 193 160 0
124 -42 176 0
-8 43 156 0
200 -112 -142 0
-110 13 143 0
39 -9 -194 0
184 -193 5 0
-159 160 147 0
81 -104 -116 0
-31 -32 158 0
-171 80 -29 0
183 -150 -153 0
-186 -50 46 0
-10 -9 57 0
106 -56 122 0
108 198 70 0
134 -182 -190 0
-30 -41 4 0
-136 141 194 0
-82 177 18 0
145 9 89 0
-143 -30 149 0
-190 104 -193 0
94 -93 92 0
-97 -34 144 0
51 131 -137 0
28 41 4 0
-156 -52 -77 0
-97 47 -60 0
-186 -11 -113 0
6 -190 -100 0
-81 -104 -49 0
11 -120 39 0
-123 -2 148 0
43 -190 133 0
162 32 -82 0
104 81 48 0
134 16 45 0
137 30 165 0
-111 -123 -185 0
-14 -171 -147 0
-151 10 -9 0
87 52 -123 0
174 195 28 0
-62 -29 -18 0
173 44 164 0
138 103 61 0
54 168 66 0
16 115 136 0
57 -99 -49 0
116 -62 -29 0
-42 190 193 0
94 118 -106 0
-177 150 56 0
-121 -71 178 0
163 -180 70 0
-96 -189 -99 0
-197 -36 81 0
-174 7 12 0
117 -177 189 0
184 32 120 0
-11 -67 16 0
53 -185 5 0
157 184 29 0
22 -52 -42 0
167 184 57 0
109 111 -93 0
111 -183 196 0
-174 -33 -70 0
-1 -44 -94 0
-149 67 69 0
62 -18 -160 0
132 112 176 0
-136 -39 -61 0
-106 -79 -111 0
-107 173 -136 0
-158 21 -3 0
106 197 -130 0
-165 89 22 0
160 158 -149 0
-53 131 84 0
65 139 175 0
97 -142 -176 0
69 84 -47 0
-86 6 133 0
42 -130 99 0
-110 -94 -1 0
147 -123 -166 0
48 200 -178 0
23 -71 91 0
-187 181 -141 0
122 65 -184 0
132 -11 200 0
77 -197 -11 0
174 -180 173 0
-173 -58 159 0
145 -200 177 0
-104 132 -14 0
-136 32 192 0
52 139 74 0
-130 1 105 0
-102 -44 175 0
179 25 89 0
-74 -121 122 0
60 110 -34 0
-41 -177 -26 0
-75 -156 7 0
-33 199 -18 0
53 106 -123 0
78 22 -93 0
185 -132 12 0
122 185 -61 0
109 -136 40 0
85 -18 27 0
41 -92 -193 0
-153 -161 54 0
-151 -81 141 0
-26 -156 -143 0
160 -66 5 0
170 156 -199 0
-47 -184 -70 0
-47 -79 -179 0
-196 -155 159 0
111 77 174 0
138 187 160 0
-88 109 -118 0
-112 -14 -79 0
145 141 133 0
46 -158 61 0
-21 148 -151 0
11 -32 146 0
126 -7 -15 0
-171 -148 -194 0
192 -93 163 0
1 28 -87 0
-73 -76 61 0
-44 -110 -91 0
123 -129 73 0
124 -100 82 0
146 -64 56 0
200 97 161 0
21 -173 72 0
181 -76 164 0
-31 -64 48 0
-164 -102 -95 0
19 37 -106 0
178 -33 21 0
-1 30 -43 0
42 44 -92 0
-197 116 60 0
-20 -190 -60 0
198 -196 -16 0
-175 -115 -114 0
-105 179 -29 0
-100 125 -123 0
-111 -51 -61 0
25 -133 132 0
129 -18 -126 0
-142 -139 -99 0
22 43 -85 0
158 175 -116 0
-123 -193 141 0
120 -89 191 0
120 46 -58 0
175 -167 33 0
15 90 137 0
-187 24 115 0
90 -111 43 0
-148 132 -187 0
120 39 -42 0
-137 77 127 0
-83 -82 148 0
-147 95 5 0
18 -61 -22 0
-105 -119 177 0
-140 -42 194 0
-153 194 92 0
36 -6 -63 0
28 113 -128 0
-78 -122 112 0
183 -26 -98 0
-3 53 16 0
-66 -197 50 0
133 -166 182 0
118 110 172 0
-12 -48 -62 0
168 -55 143 0
-164 -95 -152 0
-82 -187 -56 0
164 -57 -56 0
126 35 177 0
62 -103 -55 0
171 81 186 0
-32 114 161 0
96 65 -68 0
155 76 -4 0
75 83 -93 0
-152 146 74 0
108 -147 135 0
1 -37 82 0
-88 -173 84 0
110 63 136 0
-167 198 87 0
97 -103 -180 0
91 143 -174 0
-167 185 -179 0
135 3 -25 0
167 88 128 0
-141 83 -24 0
-186 -140 50 0
-57 111 -3 0
12 174 -85 0
-185 164 -55 0
66 -135 22 0
-132 -121 -127 0
191 17 171 0
105 23 1 0
-21 -131 -154 0
-80 -132 -77 0
-174 49 164 0
-188 94 10 0
183 107 15 0
-102 -200 -1 0
-111 -31 188 0
-33 -74 2 0
174 -107 -51 0
-173 -5 -192 0
-97 -104 34 0
-91 85 133 0
-188 -113 138 0
-156 -60 190 0
155 -18 98 0
-176 -186 -13 0
-134 20 -27 0
-116 87 89 0
-146 -19 163 0
111 135 -57 0
-33 -45 -153 0
-195 9 -150 0
-97 -31 188 0
170 37 -154 0
42 156 -170 0
-79 107 -37 0
54 -24 -46 0
-67 -8 -40 0
161 -146 -139 0
17 164 -10 0
-44 -62 -195 0
66 6 103 0
-138 -73 -154 0
74 -85 -133 0
-86 103 153 0
-104 -187 -51 0
14 76 141 0
160 -51 -107 0
137 141 152 0
13 -166 -48 0
164 -150 -80 0
-57 -81 193 0
-168 163 102 0
4 -128 130 0
32 90 88 0
-122 82 -58 0
81 -118 44 0
176 -162 -15 0
152 91 -65 0
-158 133 -40 0
-134 187 -169 0
-104 23 129 0
-59 66 88 0
-179 15 8 0
-4 71 -197 0
155 141 -32 0
177 -168 -60 0
-200 -197 173 0
170 -83 164 0
-14 67 -155 0
80 166 -193 0
-9 -177 -17 0
154 -17 148 0
159 96 -127 0
13 -125 11 0
114 -74 -127 0
-4 -127 -2 0
-116 -22 -196 0
45 -112 197 0
-81 -132 151 0
93 -158 193 0
33 -184 11 0
-70 104 144 0
185 36 -155 0
-199 -33 161 0
170 14 -40 0
84 157 -32 0
132 186 -162 0
-67 17 -183 0
-88 181 -91 0
-40 108 -89 0
143 -181 106 0
-122 -179 158 0
-9 145 -59 0
113 -40 -190 0
-200 148 -34 0
-103 -153 -4 0
-109 -195 81 0
79 -182 -1 0
123 -186 144 0
179 134 -50 0
-38 -151 -41 0
88 162 134 0
131 -31 16 0
187 9 -70 0
-54 52 153 0
133 -183 120 0
-67 -50 -190 0
-60 35 6 0
-187 105 118 0
-13 -67 97 0
-73 -183 138 0
101 19 -198 0
46 66 17 0
161 8 -171 0
-68 -133 96 0
68 29 117 0
-117 20 149 0
81 -140 -86 0
-122 -35 115 0
186 -93 112 0
5 4 -148 0
-8 13 129 0
153 110 66 0
11 -30 -182 0
186 -125 -19 0
122 140 105 0
-129 27 49 0
189 15 -36 0
23 -156 -159 0
-21 -50 47 0
31 177 -126 0
45 -137 -127 0
-113 -1 48 0
-160 -6 -72 0
-151 -142 55 0
7 21 -23 0
-15 -164 -125 0
72 -144 -65 0
111 76 -91 0
-113 175 50 0
-124 135 187 0
74 161 -152 0
-156 32 168 0
-102 3 -189 0
-165 -109 -110 0
-194 -8 -186 0
-137 197 -175 0
49 -142 135 0
-29 147 70 0
-137 -76 96 0
-118 172 -71 0
-18 95 -157 0
-152 4 159 0
101 80 99 0
