c instance by G2
c solution = 11011101101111101011111010111010110110000010110011100101110110111100100000001000100111000110111001101100100000010101000011000111001011011011000110010010000011101001100001101110101001001010000110000010
c Known solution cost is 10121 
p cnf 200 500
w 6 61 43 66 40 44 35 80 79 81 72 94 82 44 4 74 51 14 19 83 79 69 45 96 5 49 63 98 67 3 43 26 16 39 92 56 35 28 88 66 61 60 61 44 56 17 70 8 31 41 43 62 11 88 10 16 89 73 66 8 28 62 34 45 53 27 53 88 7 42 7 68 54 68 64 11 85 34 71 68 76 66 82 39 54 92 7 95 17 25 3 45 39 38 42 92 17 96 33 24 38 40 44 92 60 9 55 97 95 78 65 23 44 47 14 50 91 21 45 8 99 1 53 38 91 96 31 8 92 16 84 82 56 28 26 16 37 82 13 85 12 30 60 57 29 75 59 20 48 57 28 47 58 33 86 1 29 69 9 73 85 93 7 93 73 34 9 63 68 74 48 80 4 8 89 85 83 49 5 84 58 33 31 68 66 69 69 48 38 78 21 75 23 29 68 96 15 29 59 83
-171 -122 -38 0
-186 -61 -45 0
111 -79 147 0
78 38 157 0
43 59 -138 0
-55 -22 185 0
-117 52 48 0
130 -200 -102 0
3 -142 110 0
-148 -16 5 0
72 145 102 0
164 -59 -124 0
-89 -137 103 0
14 149 -29 0
150 -39 -1 0
-149 -134 1 0
28 96 68 0
-68 -129 64 0
107 -158 -163 0
-59 -56 -23 0
-147 -102 79 0
33 -195 -192 0
-152 156 37 0
-62 -18 -198 0
38 -32 70 0
91 -120 -150 0
-58 199 16 0
-144 72 17 0
168 6 3 0
-59 120 40 0
-14 173 183 0
-58 57 -135 0
99 -138 -163 0
171 65 110 0
-41 12 -108 0
-93 174 183 0
91 63 156 0
145 -55 119 0
-14 148 176 0
107 -171 58 0
-20 -198 152 0
-124 155 -102 0
-119 -67 -72 0
-71 181 42 0
98 38 -144 0
125 171 89 0
29 34 -20 0
-78 139 138 0
52 195 -147 0
-29 -196 -120 0
-23 151 -90 0
-89 51 -137 0
-24 9 -52 0
145 38 172 0
18 -48 105 0
56 -140 138 0
1 183 -43 0
96 19 126 0
114 194 -94 0
5 -75 -63 0
2 -50 164 0
-5 66 184 0
188 -191 -129 0
112 -8 191 0
-75 26 -65 0
130 -56 8 0
102 -187 -76 0
175 -91 77 0
187 -64 100 0
106 -110 -81 0
-15 -73 -65 0
-83 -66 -29 0
82 -24 -66 0
-186 73 -159 0
-193 87 -184 0
-68 107 189 0
-31 8 -49 0
-6 -85 -180 0
137 -162 -63 0
56 -37 -53 0
-3 -200 14 0
104 -126 77 0
-86 171 187 0
-53 -192 -43 0
-142 -57 -11 0
-159 142 23 0
-54 120 177 0
-1 -169 75 0
141 -162 -83 0
-104 -13 169 0
97 -24 -51 0
-156 124 131 0
-4 -20 -83 0
124 115 -183 0
-79 -54 -170 0
120 73 1 0
-65 12 48 0
-133 195 -106 0
-33 -143 -28 0
-68 40 92 0
188 50 87 0
-84 -17 136 0
6 -9 -97 0
131 92 -22 0
-200 31 140 0
57 196 79 0
22 -62 -71 0
12 -128 -124 0
175 124 168 0
-136 -155 -152 0
89 -151 -83 0
-22 -9 -172 0
-25 -160 130 0
181 180 -130 0
10 49 199 0
-91 40 57 0
156 35 -47 0
89 27 -153 0
31 166 -33 0
151 -37 -17 0
75 -44 -127 0
188 -183 -64 0
-146 -178 -138 0
38 51 -65 0
167 65 87 0
-121 16 -195 0
181 34 -23 0
-198 -121 -5 0
108 -197 155 0
148 188 68 0
40 57 117 0
4 -151 83 0
144 -54 32 0
-97 -175 178 0
-106 -179 -53 0
173 25 -170 0
44 -174 -24 0
32 -30 -23 0
33 86 -66 0
7 -33 170 0
129 -71 -118 0
-167 -15 -99 0
-90 68 -10 0
30 -75 -1 0
-174 -6 -79 0
-189 -112 55 0
-175 173 -84 0
-93 -74 147 0
29 -89 -77 0
52 70 37 0
189 95 -55 0
-16 -175 -172 0
-44 77 167 0
-192 41 -111 0
-89 -154 28 0
156 94 198 0
-199 -132 87 0
-57 -16 -37 0
8 41 90 0
57 -136 38 0
175 169 163 0
-143 20 -109 0
162 137 180 0
-36 27 -122 0
-57 -120 -51 0
-146 -69 188 0
173 171 -45 0
-177 -193 -59 0
153 -111 -171 0
118 134 -31 0
30 -166 -54 0
-126 -124 147 0
14 -172 -82 0
53 117 -72 0
-38 -189 79 0
-178 89 103 0
-26 -76 157 0
-165 -135 113 0
63 160 -33 0
29 -84 -187 0
-64 -55 -9 0
4 -181 -120 0
-186 82 136 0
105 82 115 0
-166 163 149 0
4 -121 112 0
-142 166 -57 0
-56 -83 -46 0
-89 -190 135 0
15 -22 75 0
23 -37 -192 0
-171 -184 189 0
-109 -95 -77 0
51 -158 -177 0
-23 102 189 0
46 -13 35 0
-114 166 14 0
-86 -96 -104 0
-178 9 -184 0
101 -155 109 0
12 -170 138 0
-164 -107 -66 0
71 -80 10 0
43 184 -165 0
-59 -197 -105 0
-102 128 115 0
-191 -138 25 0
17 -82 60 0
196 -184 -99 0
9 -106 30 0
-17 108 -76 0
117 -195 -126 0
61 168 60 0
-48 115 132 0
-116 -179 -197 0
198 -74 164 0
137 103 55 0
87 179 154 0
130 99 141 0
112 -21 -105 0
53 -180 -113 0
70 -116 64 0
-115 58 -154 0
-92 59 106 0
-160 -191 -11 0
200 27 140 0
-181 188 40 0
39 -73 -114 0
-164 -90 -41 0
-155 190 -98 0
-64 193 43 0
-134 -161 -191 0
-188 -165 73 0
116 70 176 0
-41 -77 67 0
30 -128 -154 0
82 167 -138 0
97 25 160 0
74 -78 167 0
-71 -97 12 0
78 -145 -35 0
-37 -100 -27 0
19 149 -99 0
-57 3 14 0
18 9 -63 0
-50 -161 -35 0
186 91 35 0
194 -2 29 0
-17 150 158 0
57 55 -74 0
-109 178 99 0
143 -40 97 0
123 -31 114 0
86 -195 -117 0
36 135 133 0
-86 19 -158 0
-141 107 183 0
-65 33 80 0
-17 114 -57 0
154 164 -37 0
35 -41 -126 0
160 -48 -114 0
186 -83 -81 0
138 159 162 0
-80 -53 68 0
-144 -68 -7 0
58 -34 82 0
-118 -91 107 0
-96 79 73 0
187 -42 -30 0
-181 149 39 0
57 -146 -65 0
194 -97 -178 0
-83 19 175 0
-176 87 -80 0
-6 161 30 0
12 -48 -136 0
126 64 -151 0
82 -141 102 0
68 -99 2 0
148 -176 -97 0
-56 -36 -194 0
44 -62 -19 0
-11 78 -87 0
171 -149 -175 0
10 -14 173 0
-54 69 -179 0
97 90 -60 0
3 136 75 0
-77 58 -102 0
-1 93 -157 0
-53 -55 -83 0
-196 -127 -16 0
-82 177 176 0
-127 -85 -71 0
-3 -1 -102 0
-34 140 182 0
-140 -95 33 0
27 -127 7 0
-193 -157 -67 0
-148 -52 35 0
-134 -42 148 0
2 -141 -143 0
-72 141 104 0
-16 -98 -17 0
122 -153 182 0
73 148 100 0
-193 140 -69 0
121 -83 130 0
-98 -154 -75 0
24 133 87 0
37 119 -11 0
-65 -181 -146 0
-112 159 48 0
-116 -179 63 0
41 21 -86 0
-97 69 3 0
-192 126 197 0
-185 177 -157 0
13 63 154 0
-106 186 47 0
36 -140 181 0
106 32 -113 0
167 115 -100 0
-159 -125 87 0
-130 -153 144 0
-144 81 52 0
111 -24 168 0
-80 78 104 0
-47 -58 -67 0
-188 -47 -2 0
36 -67 187 0
-168 183 136 0
-177 -186 -83 0
-126 140 -185 0
85 -189 -8 0
-5 -149 124 0
102 -71 -174 0
156 54 73 0
105 147 -90 0
73 -184 150 0
-54 148 147 0
-1 61 154 0
-34 199 -28 0
-15 -16 82 0
151 85 20 0
74 -119 -182 0
29 -124 -53 0
-71 134 -111 0
-56 89 174 0
-61 126 -33 0
-168 180 130 0
-168 81 -16 0
122 162 152 0
-129 68 -77 0
-4 109 121 0
38 162 -153 0
-136 -9 60 0
-199 180 -150 0
-117 -6 170 0
-162 118 -61 0
91 27 112 0
-84 -32 121 0
67 -2 -80 0
169 -200 -84 0
-115 74 -131 0
-105 -10 -129 0
-50 64 -114 0
-30 192 129 0
114 -14 -51 0
-170 129 165 0
169 195 -108 0
-132 -23 -91 0
-53 98 139 0
-25 138 66 0
36 76 -154 0
-31 119 -88 0
49 -110 57 0
161 -22 7 0
38 113 182 0
168 -133 86 0
-195 -177 154 0
-11 119 139 0
57 62 -21 0
-111 32 39 0
129 -8 192 0
-183 -62 170 0
-14 88 174 0
-193 -126 27 0
-171 -124 -54 0
-195 74 -198 0
98 -107 37 0
-59 -20 -5 0
-45 136 66 0
-94 13 35 0
37 27 -47 0
127 145 133 0
65 -158 24 0
32 131 158 0
88 195 63 0
101 184 156 0
20 -114 -187 0
-150 88 63 0
-9 -40 5 0
85 143 166 0
-57 53 -196 0
88 -45 -156 0
42 120 -191 0
162 -144 17 0
200 -110 -43 0
189 -190 -134 0
-43 185 -171 0
-148 -159 -67 0
102 162 -54 0
-108 -186 31 0
-11 170 -186 0
-3 110 74 0
117 -137 95 0
-76 55 -106 0
156 49 163 0
-96 181 -180 0
-54 135 170 0
-33 84 24 0
-183 -78 53 0
-38 -185 7 0
11 138 -136 0
-48 15 -121 0
-164 -18 62 0
45 89 -6 0
-157 197 22 0
44 171 -58 0
24 3 -7 0
-94 -122 85 0
-139 -156 25 0
6 -95 64 0
-164 19 -90 0
-94 -82 -158 0
-199 -85 15 0
15 186 -83 0
-51 -195 180 0
163 -189 -91 0
157 -124 184 0
113 199 57 0
104 -176 -1 0
80 -199 -83 0
-9 6 115 0
147 13 35 0
118 27 154 0
51 52 3 0
-90 -142 -106 0
59 3 157 0
-187 -34 -123 0
161 -49 -101 0
-151 -92 68 0
-68 -149 30 0
193 32 -77 0
45 63 191 0
42 -9 21 0
-93 29 177 0
-30 -128 152 0
59 -73 31 0
-23 197 -70 0
100 -173 5 0
118 20 -175 0
-33 44 -108 0
-152 200 39 0
-120 28 153 0
65 -63 -117 0
-78 58 -87 0
-35 -128 -158 0
40 -97 13 0
150 148 -163 0
147 -48 -74 0
-11 -143 -152 0
141 114 52 0
48 43 -92 0
82 -49 -74 0
168 -159 58 0
-182 -172 133 0
-93 -26 18 0
189 104 -40 0
107 -71 120 0
132 -16 -152 0
-151 109 199 0
-156 -180 -83 0
-190 35 146 0
164 -145 -86 0
144 -97 -185 0
50 -114 56 0
-183 -115 53 0
167 -184 -18 0
-53 31 10 0
169 25 74 0
173 -115 53 0
-81 128 -193 0
1 65 78 0
127 -179 -133 0
52 -42 -112 0
41 183 -103 0
130 -95 -172 0
