c instance by G2
c solution = 11001110001101100000010000001010011100101011111111110010010001000110000110001000111010000100000101101010011111110010010000010000110111111000111010000000011011111100110000010011011010111000011101111111
c Known solution cost is 9627 
p cnf 200 500
w 14 76 49 38 54 76 99 54 1 18 92 83 19 2 38 67 13 59 98 75 41 4 39 47 10 95 62 2 98 2 1 65 78 50 3 32 78 54 39 79 24 83 14 44 37 5 11 51 64 61 78 57 65 17 4 27 64 67 30 15 69 31 80 99 33 35 83 11 41 74 42 65 57 57 61 47 14 72 50 78 86 28 87 3 97 91 31 62 10 13 29 31 44 61 30 29 96 66 92 89 40 34 6 50 43 68 49 9 92 99 87 78 27 26 34 24 18 17 38 28 30 67 12 26 80 42 55 76 60 47 17 53 33 24 55 29 92 4 38 84 3 78 15 82 4 1 6 74 18 97 55 0 16 67 26 97 61 33 25 22 32 43 27 17 19 82 98 11 38 37 47 41 67 14 75 23 15 81 50 85 30 5 85 99 24 63 96 85 96 73 59 80 16 38 98 87 20 96 98 10
145 198 -158 0
180 -116 153 0
-131 -80 -51 0
195 -153 -114 0
-108 -47 -13 0
186 60 -26 0
53 198 106 0
8 160 191 0
145 117 89 0
165 -145 -49 0
20 -41 142 0
-146 -17 -195 0
175 -90 54 0
86 25 158 0
196 72 -187 0
-10 68 -161 0
3 -27 147 0
78 -180 105 0
-19 -2 -6 0
-53 -13 42 0
170 15 -43 0
-58 -154 73 0
108 -177 -167 0
152 161 148 0
-173 44 -118 0
120 -95 -183 0
-38 28 56 0
11 156 189 0
40 34 153 0
24 -184 196 0
102 153 118 0
-137 188 -38 0
-93 -190 -198 0
3 1 116 0
-59 23 144 0
-92 -199 -155 0
16 -139 -59 0
21 5 -46 0
-16 9 -86 0
148 29 -109 0
196 174 -35 0
182 116 36 0
-172 -52 46 0
-32 -178 -158 0
-199 174 197 0
162 174 176 0
185 -46 193 0
-144 -99 174 0
-159 -17 147 0
130 -34 -28 0
-96 -132 -120 0
107 116 -118 0
-30 -85 -100 0
194 87 158 0
-45 188 183 0
-104 110 185 0
-71 113 -48 0
-149 8 -153 0
-168 -73 -136 0
-145 190 51 0
99 -157 -2 0
-54 140 -170 0
195 -159 102 0
-181 40 -32 0
165 -105 -15 0
-25 -144 108 0
-68 168 148 0
84 138 7 0
187 175 146 0
117 -31 -91 0
197 -98 111 0
-69 -77 14 0
-82 -95 -161 0
-44 -8 149 0
84 193 155 0
-59 -30 153 0
-180 173 -199 0
-24 -189 -65 0
180 -186 -108 0
80 -37 171 0
-39 66 -83 0
-174 -106 -17 0
9 2 -119 0
-44 162 -90 0
-82 14 -124 0
14 -31 -66 0
64 101 187 0
135 116 79 0
-37 127 -4 0
-175 149 14 0
-70 122 102 0
26 -96 2 0
159 -82 -47 0
190 -48 11 0
-90 84 -193 0
-27 -72 -77 0
174 -37 2 0
-200 -71 -103 0
37 -39 -20 0
-77 -59 61 0
-77 -99 176 0
-81 106 -179 0
12 -53 138 0
99 -141 64 0
51 74 70 0
35 -29 148 0
-52 -76 -137 0
-45 -156 -130 0
111 13 63 0
-129 -153 92 0
-113 -139 -103 0
-177 125 111 0
58 -145 18 0
-109 -15 35 0
9 -88 -191 0
-16 -143 163 0
200 -190 127 0
180 -152 102 0
133 -51 20 0
-47 -78 89 0
68 178 -184 0
-28 103 -151 0
105 3 -95 0
-147 175 -18 0
179 39 -117 0
-20 -172 102 0
-127 -193 -163 0
-163 85 -138 0
121 -165 195 0
114 -174 19 0
125 194 54 0
54 156 -74 0
-96 76 -78 0
118 141 -31 0
196 -165 59 0
-30 -89 109 0
-113 -75 131 0
197 -121 -132 0
48 177 -38 0
49 -96 -44 0
176 -120 66 0
25 192 140 0
-123 125 145 0
45 189 117 0
-145 -76 34 0
43 -156 -189 0
29 -48 183 0
24 112 144 0
-148 -165 97 0
107 -99 47 0
139 18 -59 0
41 -97 110 0
134 -26 5 0
70 82 68 0
-14 -19 -124 0
-62 191 -183 0
18 98 63 0
-43 181 -3 0
-123 -127 -177 0
78 -127 9 0
-155 -92 189 0
38 -167 -198 0
50 -3 -168 0
-118 -156 58 0
200 142 171 0
96 169 84 0
156 75 172 0
55 -194 116 0
-50 -35 143 0
6 45 -56 0
122 97 -54 0
-186 -41 -115 0
115 43 -75 0
76 109 124 0
136 33 -66 0
110 177 41 0
57 -18 189 0
-191 -83 -169 0
114 103 146 0
81 -115 -72 0
-25 170 81 0
55 -171 35 0
-141 -126 8 0
-159 18 -131 0
-145 -89 -36 0
-15 -189 62 0
157 10 102 0
-85 -15 -151 0
-131 -59 117 0
176 -152 190 0
32 140 73 0
60 158 156 0
98 -130 -143 0
-145 61 101 0
-128 113 121 0
176 189 -143 0
-104 23 -142 0
145 -87 -88 0
162 -79 95 0
179 14 132 0
-7 -30 -106 0
35 -45 48 0
5 -157 147 0
29 80 -50 0
35 128 -120 0
-115 154 -134 0
-87 -141 42 0
-101 86 -33 0
77 -22 23 0
-100 4 63 0
-77 23 -117 0
-165 -156 49 0
-191 11 -125 0
-46 72 -43 0
-112 -94 42 0
-129 87 -114 0
-103 8 -189 0
-124 -113 -199 0
-30 178 -184 0
-94 -146 9 0
134 27 -108 0
166 -138 -94 0
-121 -154 150 0
-144 -130 91 0
47 -106 147 0
-84 -75 196 0
-146 182 80 0
-121 184 -104 0
65 -92 192 0
61 -37 40 0
92 4 7 0
45 8 122 0
37 -70 -194 0
-158 192 8 0
145 -49 -173 0
27 -42 -159 0
-66 -76 115 0
4 137 105 0
-64 -5 -68 0
73 -196 -67 0
-140 -196 91 0
-197 172 55 0
-47 -76 -7 0
-108 106 100 0
-121 -130 17 0
105 -3 -196 0
-101 5 -179 0
-39 184 137 0
-48 198 -2 0
47 -67 -21 0
97 -49 -69 0
-177 -191 -55 0
31 -115 -58 0
191 119 -159 0
168 -155 -26 0
-172 84 -86 0
9 54 161 0
-183 95 -65 0
23 -130 -75 0
37 -19 -186 0
-170 8 -157 0
152 -100 -89 0
71 30 101 0
-44 59 158 0
-110 48 123 0
26 -71 -82 0
-99 -145 85 0
70 -144 -39 0
-54 4 181 0
-76 -145 82 0
6 -129 128 0
180 166 18 0
-9 16 75 0
-187 -198 162 0
32 129 -31 0
-194 -145 195 0
-186 -71 -161 0
24 43 168 0
42 29 -120 0
164 -76 -2 0
-173 186 -36 0
-2 -64 -45 0
-187 102 -112 0
136 4 166 0
-17 -117 -67 0
178 140 97 0
168 -1 66 0
112 -188 -196 0
-199 118 -73 0
-130 -94 163 0
26 149 62 0
63 -84 123 0
126 -155 52 0
-188 -110 -11 0
-141 -150 -182 0
-28 160 -194 0
-187 -180 -140 0
-177 -49 -184 0
-28 -2 169 0
147 -29 -148 0
-141 148 -33 0
66 -69 37 0
-160 81 -74 0
110 127 97 0
48 104 54 0
-2 67 -103 0
77 -140 -184 0
1 -150 -125 0
103 -106 -2 0
-2 19 115 0
-13 -161 53 0
-39 -182 -183 0
-31 -176 109 0
100 172 138 0
25 -23 20 0
-156 174 164 0
-10 -84 36 0
-60 -191 -66 0
28 -128 -59 0
-199 9 -116 0
1 -39 -132 0
-27 107 71 0
90 72 -163 0
146 -139 131 0
16 197 149 0
-168 -182 -131 0
-82 -163 139 0
-87 154 -155 0
-58 71 -4 0
176 80 157 0
141 30 -124 0
-24 84 168 0
-177 95 -57 0
147 -51 -119 0
109 117 -184 0
-64 10 56 0
-38 -8 -197 0
139 -47 -171 0
-195 78 145 0
-18 185 -40 0
-124 -183 -169 0
39 -173 186 0
-163 153 -30 0
168 -122 -162 0
12 -108 116 0
171 -40 -158 0
-105 187 -110 0
55 -186 -76 0
-182 68 126 0
-54 -89 95 0
66 135 97 0
-150 -84 189 0
168 17 -97 0
-196 31 125 0
83 116 189 0
186 179 -36 0
-56 -82 -61 0
-111 181 63 0
-166 -184 199 0
111 44 -109 0
-174 -6 -141 0
-77 -64 -86 0
69 -11 165 0
107 -63 102 0
-106 -150 182 0
-93 -107 -67 0
8 -183 142 0
-8 199 181 0
20 17 -168 0
76 -54 85 0
90 -49 -43 0
71 -19 -115 0
77 -28 -50 0
22 -195 147 0
-58 -53 69 0
-2 92 132 0
-79 116 75 0
-105 -100 -159 0
184 -160 -111 0
-127 67 -32 0
153 35 -50 0
41 9 91 0
-172 1 47 0
48 181 -4 0
77 113 158 0
-142 -47 -125 0
16 -98 52 0
-105 -177 -96 0
114 173 -68 0
-6 44 86 0
-104 151 85 0
176 174 -64 0
77 87 -5 0
124 -185 -29 0
2 -54 92 0
-7 37 -125 0
-152 100 21 0
-162 -53 113 0
188 75 -173 0
88 -138 69 0
151 27 43 0
-8 -98 101 0
-176 -140 -11 0
108 100 182 0
-171 152 140 0
125 107 -186 0
-59 138 -45 0
35 71 138 0
-53 -80 -128 0
-115 49 198 0
-19 28 -178 0
-124 18 -102 0
61 189 -23 0
-85 -195 -21 0
51 -150 -31 0
23 114 -4 0
191 -24 200 0
-57 -22 87 0
-132 -24 163 0
160 19 -124 0
-35 46 -185 0
-128 -127 -174 0
182 24 2 0
127 -150 57 0
138 173 -177 0
-159 -42 -192 0
-71 197 -118 0
99 167 -113 0
152 6 -189 0
-90 138 162 0
106 -13 14 0
-198 185 -76 0
108 180 3 0
-56 121 -179 0
-48 -43 111 0
116 -76 84 0
13 66 120 0
-189 -73 140 0
173 63 -33 0
-114 95 -170 0
80 -127 -195 0
-149 -172 -47 0
184 -8 -94 0
-14 153 -59 0
-113 -6 188 0
137 131 91 0
152 -164 91 0
-142 94 -126 0
153 130 111 0
93 -48 -89 0
-20 -134 -1 0
156 -145 -95 0
-178 -179 -114 0
111 -3 -187 0
-1 -34 130 0
-104 71 3 0
-59 87 -72 0
114 39 122 0
8 163 81 0
-92 -63 -57 0
174 195 156 0
155 -171 38 0
154 123 -39 0
179 -154 -135 0
-15 -60 158 0
-148 -123 98 0
-19 96 -100 0
132 7 -11 0
127 -128 3 0
61 -75 -49 0
-147 -162 3 0
40 124 -111 0
101 116 86 0
-47 2 -45 0
-63 105 32 0
50 187 -107 0
192 -136 89 0
-104 182 -107 0
-97 180 -192 0
-131 -56 195 0
21 20 143 0
-137 -123 146 0
-82 -144 -97 0
8 -65 60 0
110 -15 162 0
25 -94 104 0
62 109 124 0
130 -192 -73 0
73 33 -124 0
53 69 -80 0
55 98 -134 0
-183 -178 -61 0
95 -186 -92 0
40 -142 -42 0
-60 -5 117 0
28 75 190 0
7 -22 117 0
-40 190 43 0
-138 56 189 0
-132 -110 -25 0
