c instance by G2
c solution = 10001100000000110110110101111000001011011011011000011101010110100001000100101011010101000010010010110110100001101011110111110110101110110010110011000011110001001111010011100111111111100100100000101100
c Known solution cost is 10168 
p cnf 200 500
w 29 95 6 1 82 69 65 19 10 32 5 30 71 33 81 98 77 4 70 83 34 90 99 36 73 99 18 84 97 14 86 78 9 92 79 43 14 97 62 76 81 67 6 52 52 87 3 29 43 73 64 77 63 15 65 88 67 84 72 64 50 58 42 11 3 73 54 17 70 16 93 52 36 51 56 40 90 59 22 34 84 86 63 47 2 29 87 21 65 59 85 15 70 79 26 73 52 32 42 23 48 87 27 36 38 83 77 28 43 99 62 27 37 26 27 91 55 14 12 72 26 97 87 96 28 65 21 33 97 15 8 97 2 35 86 40 18 15 68 13 14 31 93 51 57 20 43 64 86 7 36 12 5 75 60 85 92 33 18 41 48 78 90 50 13 76 90 84 91 11 49 57 42 42 61 51 14 56 67 1 63 55 65 20 82 78 6 74 11 76 15 12 7 57 14 20 34 57 56 77
-29 63 -175 0
-185 -145 -99 0
17 33 142 0
-44 -93 -71 0
194 133 86 0
-188 112 -69 0
-88 -185 -35 0
54 -39 -62 0
-90 98 184 0
-103 -146 29 0
4 45 120 0
169 130 191 0
149 40 -175 0
-50 91 -80 0
151 -153 -26 0
-151 -63 97 0
28 70 -29 0
69 -34 -22 0
-35 -165 75 0
-181 115 -64 0
-19 -165 -198 0
-160 -35 194 0
184 -145 -156 0
69 -170 123 0
-140 -47 137 0
-8 -111 -134 0
-24 143 -17 0
162 81 26 0
181 159 122 0
19 -72 145 0
-182 195 20 0
-44 51 79 0
188 -168 156 0
-57 -121 -77 0
-104 83 193 0
-191 119 -7 0
-46 77 69 0
-180 200 -173 0
-50 -186 160 0
75 128 151 0
153 89 65 0
103 4 -43 0
63 123 -92 0
-40 -68 86 0
-14 191 95 0
12 61 -5 0
13 83 -143 0
-25 66 78 0
155 -33 103 0
-95 -194 -115 0
59 -5 -65 0
196 86 131 0
182 74 -84 0
199 -90 108 0
91 25 171 0
-181 -75 -81 0
173 -194 64 0
-154 -172 -193 0
-80 -77 -184 0
83 178 192 0
-83 7 -132 0
-69 137 -94 0
-194 -67 -94 0
-72 -9 69 0
-36 67 -5 0
74 184 -192 0
-188 -113 -73 0
162 112 -83 0
48 164 130 0
-200 190 -103 0
-131 91 135 0
83 -51 31 0
-163 -176 -32 0
-110 -31 59 0
-1 137 129 0
-73 195 107 0
-128 36 34 0
-161 139 158 0
124 69 71 0
-68 102 140 0
-8 61 -175 0
-196 -147 -89 0
-41 9 174 0
-60 71 44 0
-167 -64 -13 0
-92 85 -132 0
-101 39 -189 0
200 28 -133 0
-143 46 16 0
-44 103 -37 0
2 -93 87 0
-8 155 39 0
120 73 -19 0
-165 119 -33 0
-30 48 149 0
-32 56 -131 0
-98 -182 -132 0
-8 -173 -159 0
-81 -42 -40 0
187 26 -51 0
-62 50 -59 0
197 -58 -138 0
42 -78 -195 0
-40 -137 -164 0
165 -134 172 0
189 -33 -120 0
-114 -198 -26 0
-72 98 -144 0
48 99 78 0
-60 -124 -184 0
-141 -8 64 0
-154 112 -49 0
-100 27 -180 0
109 -9 -127 0
-150 199 8 0
95 -170 -194 0
-41 35 -36 0
10 143 -7 0
-170 -143 183 0
-79 -103 1 0
-16 105 -161 0
140 93 -70 0
-94 -147 -27 0
-105 -65 -104 0
65 54 81 0
157 -43 179 0
134 181 8 0
-143 -146 86 0
-51 -80 -61 0
-101 -80 -181 0
46 197 49 0
137 160 -23 0
165 -183 151 0
159 199 158 0
35 78 -183 0
66 -181 -76 0
109 161 1 0
-69 -130 143 0
132 -164 -162 0
-155 184 -1 0
67 -58 162 0
-96 175 193 0
-95 -60 183 0
-21 129 -52 0
39 -34 -99 0
-47 -62 -91 0
101 113 -103 0
183 -127 -154 0
32 92 -55 0
95 53 -91 0
80 -46 -164 0
63 9 -166 0
109 177 -124 0
-181 -159 14 0
42 -162 47 0
122 -40 -78 0
92 -50 31 0
142 77 -67 0
-169 -143 187 0
101 47 -51 0
117 -186 -162 0
-7 -112 -181 0
160 -172 -178 0
-181 -28 -42 0
-149 -101 31 0
88 -74 -186 0
-31 148 14 0
-92 -110 47 0
169 -67 44 0
170 -115 16 0
-59 114 81 0
-24 -160 85 0
6 184 49 0
30 -187 2 0
132 -82 167 0
-10 77 -183 0
153 174 133 0
-162 -112 -179 0
20 -108 50 0
-95 36 155 0
-98 168 -118 0
107 -177 43 0
-54 16 -67 0
-46 -18 -107 0
-48 -40 89 0
-80 -153 60 0
-97 33 -73 0
-68 46 8 0
38 -27 -63 0
-64 59 36 0
165 -83 -62 0
-138 110 188 0
44 -79 119 0
-175 134 -199 0
-7 16 99 0
70 -191 -110 0
133 -169 -5 0
-142 146 106 0
195 -58 110 0
30 -194 -64 0
-19 77 189 0
186 -135 -102 0
131 -45 6 0
46 -58 80 0
39 176 -97 0
25 107 126 0
-194 -60 167 0
26 -164 33 0
171 15 27 0
136 102 -34 0
156 9 100 0
-173 161 94 0
68 -48 32 0
95 -127 -13 0
82 -153 50 0
-163 10 1 0
-183 40 -184 0
-150 133 -190 0
-149 88 -123 0
103 148 155 0
5 -3 -134 0
-137 -53 58 0
51 156 145 0
-131 128 166 0
-62 -109 25 0
-159 -43 -183 0
93 -130 -115 0
-99 157 -7 0
-30 53 120 0
-194 -94 151 0
-40 143 135 0
-11 23 98 0
95 -109 -186 0
-7 190 -65 0
-184 -46 -158 0
13 59 -188 0
119 110 -145 0
140 84 -97 0
-73 91 98 0
-88 173 51 0
-172 -55 91 0
-54 16 -19 0
-69 66 3 0
-117 138 84 0
61 8 -49 0
62 75 156 0
127 -26 -146 0
25 -139 113 0
18 17 87 0
194 76 -33 0
173 -91 16 0
-147 -14 137 0
-150 39 45 0
-32 -193 162 0
-24 -161 197 0
5 85 134 0
135 -165 -107 0
112 -57 -170 0
-191 -151 -103 0
-89 45 -97 0
91 172 107 0
-80 1 -105 0
-40 -95 -173 0
-199 117 -64 0
3 116 49 0
113 16 74 0
-76 -15 -36 0
49 96 -2 0
-24 186 -131 0
-39 -168 -66 0
-85 -118 74 0
-133 -119 67 0
171 -52 -60 0
94 188 -109 0
130 -199 173 0
1 -105 -200 0
-185 -37 -93 0
189 30 71 0
-141 4 153 0
-108 -80 -49 0
-126 149 52 0
-148 49 193 0
135 -33 -130 0
-104 -83 23 0
-25 -180 -119 0
19 -176 -69 0
-1 111 157 0
-166 -58 151 0
11 27 -60 0
-117 -53 -23 0
-27 98 -173 0
-4 -145 -162 0
-182 162 199 0
-134 128 -97 0
67 -51 116 0
-148 -76 127 0
127 -15 -113 0
-128 52 -173 0
59 -172 80 0
122 -129 34 0
71 -72 75 0
-56 -154 -190 0
30 -186 -138 0
-143 -21 56 0
165 -66 -26 0
-130 -77 -197 0
-71 -159 -152 0
-137 -2 -60 0
122 -40 -66 0
55 121 -92 0
108 -67 -126 0
68 31 -24 0
-51 -61 -43 0
-47 99 89 0
164 192 99 0
-19 197 -50 0
-15 -53 118 0
96 62 181 0
39 184 19 0
-22 154 157 0
178 39 136 0
-166 51 63 0
23 97 -75 0
125 70 -130 0
-11 41 -189 0
173 -14 93 0
32 -15 152 0
167 -165 184 0
167 198 21 0
181 -118 -112 0
-96 -5 81 0
85 180 -105 0
-5 -192 75 0
-186 -152 163 0
-156 99 51 0
-32 -47 -22 0
188 -13 45 0
128 -193 -136 0
19 12 108 0
-74 -117 159 0
143 -44 177 0
83 47 59 0
-190 132 -19 0
22 141 -187 0
149 -89 7 0
19 -85 -139 0
-140 191 -22 0
-102 41 -24 0
116 -194 -54 0
-75 22 125 0
-1 97 -47 0
-106 -38 7 0
50 -161 139 0
20 30 -3 0
184 16 64 0
169 -1 32 0
78 -81 -43 0
-124 8 136 0
-63 -20 139 0
84 143 -65 0
181 71 -110 0
138 137 135 0
182 -121 -165 0
-43 -30 44 0
41 188 2 0
117 43 -94 0
116 -157 120 0
-180 140 72 0
165 -104 144 0
62 155 1 0
195 -154 -30 0
-135 14 121 0
126 -197 -82 0
21 -133 14 0
141 -27 -110 0
-73 71 -57 0
79 -76 -88 0
73 -43 94 0
-121 -137 -116 0
-47 -10 -162 0
39 -100 22 0
11 -174 186 0
7 -143 -79 0
-181 -190 58 0
-54 -125 51 0
-148 193 -125 0
48 -179 -104 0
-162 103 148 0
-69 -25 -57 0
-157 59 -52 0
-78 -157 -91 0
-178 -20 -57 0
54 75 -59 0
119 -117 -167 0
-129 61 -43 0
18 -126 198 0
-37 -158 16 0
-27 -54 -149 0
-27 -8 112 0
155 1 136 0
30 -172 -93 0
28 75 10 0
-197 177 77 0
33 24 -163 0
-9 104 103 0
110 -77 92 0
119 -87 9 0
-126 175 -35 0
180 151 109 0
114 198 -52 0
-46 131 -60 0
-27 -149 62 0
60 74 109 0
98 91 116 0
103 -123 -190 0
-32 25 57 0
75 36 -158 0
-105 67 91 0
86 -54 -36 0
115 188 184 0
3 31 170 0
-136 -71 3 0
149 -119 38 0
-86 -150 196 0
-81 133 35 0
48 70 -101 0
-45 194 168 0
115 125 -52 0
-75 65 -78 0
118 198 -101 0
49 136 -20 0
195 -176 -70 0
-99 15 83 0
99 -113 -1 0
152 15 31 0
-18 -74 -45 0
-59 -135 -178 0
-98 -132 181 0
-112 -122 -123 0
17 -25 -7 0
-40 -165 9 0
-158 -160 -197 0
60 -94 -154 0
83 -1 56 0
84 -143 124 0
132 -181 119 0
139 -51 172 0
-147 48 38 0
-93 -177 -172 0
-183 146 30 0
195 -78 -144 0
179 144 -139 0
-105 44 -27 0
167 119 183 0
-39 74 -111 0
-178 139 -184 0
-14 55 134 0
58 200 -153 0
-32 189 -199 0
119 59 -12 0
-63 -46 -73 0
146 123 -195 0
178 114 85 0
-173 114 106 0
160 -61 161 0
-164 128 37 0
89 12 -107 0
-66 173 59 0
-20 -129 39 0
13 -138 80 0
96 -71 -105 0
14 138 -70 0
-14 -84 181 0
179 -54 11 0
115 30 83 0
-3 148 -23 0
-41 95 123 0
40 171 80 0
-160 98 -79 0
-85 56 -57 0
67 -25 58 0
-14 -49 -70 0
77 171 115 0
-65 69 -101 0
-29 -34 -163 0
-144 -190 142 0
176 -142 12 0
-52 148 127 0
-125 -45 -200 0
2 -168 -115 0
78 15 59 0
96 -154 -137 0
-22 141 -51 0
120 -87 -139 0
115 -61 141 0
-75 -196 -91 0
-98 -199 -16 0
-87 -72 90 0
-178 74 -92 0
-200 -161 147 0
