c instance by G2
c solution = 00001010110000111001111100000100100111101111001101010100011001010001001110010100110100001101001011111101100001010000101011000101000010100100011010100010110100000001010110111101111110101101000010010001
c Known solution cost is 9349 
p cnf 200 500
w 68 0 36 43 31 36 91 52 33 94 71 86 98 18 22 86 9 79 83 20 17 79 9 90 37 56 16 19 45 97 22 66 97 59 9 28 47 0 32 32 46 4 70 44 74 93 82 83 24 66 4 93 45 13 83 34 69 52 5 67 49 28 33 46 39 42 26 38 94 10 23 40 66 93 36 40 38 71 24 15 37 28 8 34 93 44 68 14 96 25 81 45 5 66 43 44 60 69 35 54 31 58 46 98 3 35 38 42 6 62 9 43 42 17 77 87 61 97 2 9 74 35 6 80 2 49 24 62 70 11 69 2 69 15 0 25 50 38 19 8 53 28 51 95 45 80 83 59 29 37 68 4 72 75 84 26 76 60 89 47 24 58 49 93 25 1 70 28 39 89 36 92 17 40 40 63 20 75 74 2 12 42 6 36 69 42 15 46 54 4 45 78 14 94 24 91 47 94 19 86
-81 -1 -122 0
-59 22 88 0
131 -183 38 0
14 -147 -187 0
153 77 -151 0
80 -96 159 0
102 175 -21 0
84 3 74 0
-104 -186 -192 0
-179 73 1 0
60 -107 130 0
70 109 200 0
-112 -129 3 0
-4 10 160 0
-138 92 117 0
-133 -35 -84 0
-155 123 88 0
195 3 -139 0
184 -154 172 0
116 60 -136 0
-33 -159 156 0
187 98 -142 0
67 -165 139 0
110 113 -1 0
91 -127 -122 0
-4 -25 -7 0
-188 -86 79 0
96 -5 -131 0
145 -55 58 0
122 -72 106 0
-30 -157 -135 0
107 -90 -18 0
-6 -78 77 0
49 -123 35 0
-129 167 102 0
115 55 -175 0
-57 -35 187 0
-90 -81 135 0
167 -161 -143 0
-57 121 145 0
-173 164 57 0
-99 29 -96 0
-154 -36 -66 0
-98 -195 -191 0
-92 132 95 0
143 53 -71 0
-42 113 10 0
-182 -118 46 0
-11 94 49 0
-91 -15 167 0
-18 -182 -173 0
-176 183 -97 0
-191 108 152 0
163 -175 74 0
11 156 -98 0
-168 -144 147 0
-117 -76 164 0
78 107 60 0
127 -131 -133 0
-97 -172 164 0
-20 50 32 0
199 28 -85 0
-82 -83 -168 0
30 -76 -117 0
6 157 185 0
186 -70 -66 0
151 -86 159 0
-56 120 -138 0
-161 -94 39 0
111 -51 -95 0
82 -141 -139 0
171 175 150 0
80 76 -111 0
74 197 59 0
20 128 -69 0
88 -135 -14 0
-138 80 73 0
-180 117 -42 0
143 95 -64 0
66 -159 131 0
81 18 175 0
121 -23 -133 0
114 82 -62 0
122 -66 119 0
121 -13 30 0
-48 110 -136 0
34 137 180 0
61 64 165 0
80 48 144 0
135 97 31 0
-195 -182 -70 0
103 -198 88 0
-147 7 158 0
-169 -132 50 0
-88 140 -49 0
-99 -123 -127 0
-8 -95 -54 0
-69 -137 73 0
-138 148 64 0
96 95 -52 0
-34 107 -8 0
101 103 35 0
173 71 -161 0
-98 174 -184 0
-169 133 -35 0
136 62 149 0
-82 -65 -58 0
198 61 -118 0
-190 59 -140 0
-175 -108 146 0
131 -152 113 0
-54 44 49 0
-34 -68 184 0
67 154 -179 0
-152 -102 4 0
42 -38 -10 0
177 -100 191 0
-27 157 110 0
-94 -125 -6 0
18 27 15 0
-138 -12 24 0
-130 -113 -123 0
32 -77 3 0
52 -190 196 0
128 -113 94 0
50 29 56 0
88 79 -131 0
-126 42 110 0
-89 187 133 0
-157 176 -154 0
13 58 -151 0
-71 10 96 0
-183 189 -114 0
127 -68 9 0
-125 170 199 0
-75 192 146 0
192 -12 66 0
-165 -72 -121 0
154 127 68 0
170 -53 106 0
-108 -114 -10 0
171 -105 -148 0
-153 -97 17 0
-46 -89 134 0
83 -196 119 0
52 96 -38 0
174 -109 -99 0
-176 1 185 0
-124 26 183 0
-8 152 146 0
68 -23 129 0
119 -142 -169 0
-152 131 154 0
-161 139 130 0
-59 141 -49 0
-158 -65 -40 0
-54 -75 186 0
170 93 -4 0
177 -97 120 0
199 193 -185 0
-91 -93 156 0
80 -197 190 0
-177 -111 195 0
194 -71 92 0
-127 171 184 0
-179 86 16 0
-160 104 -121 0
-50 -108 -16 0
-199 32 10 0
-164 -195 124 0
-20 55 -25 0
-163 -151 -90 0
-86 -155 -114 0
-44 6 126 0
47 -174 155 0
3 -92 48 0
-114 95 -29 0
-141 -84 79 0
-82 11 -13 0
-152 125 69 0
173 -15 -5 0
-167 166 15 0
-22 -48 -148 0
-96 -196 184 0
8 -76 -184 0
-108 106 -5 0
-57 -61 75 0
180 172 -56 0
88 -85 3 0
177 87 11 0
-144 161 105 0
-180 -83 96 0
-152 68 148 0
-87 -142 83 0
188 29 -40 0
68 -54 -14 0
-154 -187 23 0
109 -8 77 0
-98 99 8 0
-61 190 -171 0
-9 26 -115 0
-181 54 162 0
-47 -34 150 0
-168 -149 -78 0
23 130 -98 0
178 189 36 0
-13 150 -122 0
-40 -174 -126 0
1 33 91 0
-23 22 -160 0
189 -106 14 0
50 62 171 0
-150 -126 28 0
4 -152 61 0
63 157 22 0
-17 174 -172 0
138 57 118 0
191 134 -80 0
143 -40 139 0
171 71 42 0
175 -28 127 0
89 -5 187 0
69 -61 114 0
-88 -10 131 0
-51 -9 60 0
91 -26 -188 0
-58 183 -185 0
-68 69 -70 0
158 77 100 0
28 142 4 0
46 -141 74 0
-22 180 2 0
-148 6 -41 0
-144 -164 -126 0
-179 -70 9 0
74 -137 -23 0
-65 28 86 0
96 98 170 0
-101 75 62 0
-163 88 -98 0
-9 190 -192 0
116 155 23 0
-43 -178 -111 0
-122 119 132 0
187 -29 -198 0
181 -44 75 0
38 -193 122 0
40 -151 169 0
-177 -83 68 0
75 -70 12 0
-39 -142 -175 0
-99 -182 -177 0
126 116 187 0
167 24 -121 0
154 -133 199 0
-57 -199 -124 0
23 -132 37 0
142 70 179 0
103 -57 -143 0
-19 51 24 0
-38 116 -55 0
93 -49 -181 0
-138 -110 -93 0
-79 -135 -42 0
-176 -200 -27 0
-109 -162 97 0
5 65 -193 0
149 -137 106 0
31 -187 -34 0
147 13 -171 0
-9 108 -130 0
-137 -48 -157 0
-159 133 -187 0
-130 100 -129 0
166 3 -100 0
70 -6 193 0
-9 75 -158 0
46 -187 35 0
14 -157 -38 0
82 46 75 0
-137 -6 191 0
-160 -110 146 0
-34 -19 -29 0
-142 -190 -196 0
45 88 -127 0
-104 -181 169 0
-141 -49 -32 0
35 176 25 0
-167 -161 -18 0
66 179 -43 0
-185 21 29 0
-124 -183 106 0
77 -37 -55 0
110 -156 47 0
-12 -69 77 0
-179 76 -38 0
-118 -122 196 0
17 -3 124 0
-184 127 -81 0
122 48 -130 0
53 183 -151 0
39 76 140 0
35 -198 -112 0
63 -107 177 0
-138 188 -90 0
-156 -22 -61 0
164 -181 -61 0
-21 69 104 0
-182 30 119 0
58 -195 -165 0
95 -71 184 0
-58 43 -166 0
-1 -73 130 0
-189 116 8 0
-79 124 117 0
3 184 -83 0
48 -173 -191 0
-41 -120 159 0
-170 105 -12 0
110 173 -189 0
-137 165 145 0
186 -17 71 0
188 64 12 0
-2 -160 -111 0
2 -21 -199 0
-64 67 -144 0
198 31 -49 0
63 191 -146 0
157 14 -31 0
193 50 91 0
-117 -155 146 0
11 -69 -7 0
-154 -109 115 0
-59 165 196 0
141 116 -45 0
-25 29 -14 0
-106 147 -104 0
119 132 8 0
-112 -21 -65 0
-127 119 -47 0
180 -48 169 0
-60 -112 -136 0
-137 5 -106 0
99 31 -89 0
-99 -170 -3 0
82 172 -33 0
167 196 -126 0
-66 -162 -163 0
-158 -17 -16 0
-11 -70 -173 0
88 160 -56 0
-83 -177 -107 0
-37 146 171 0
-141 -134 36 0
200 -176 8 0
-39 -120 -194 0
71 -124 92 0
37 55 67 0
70 129 71 0
-26 -147 189 0
175 -147 -4 0
-31 79 171 0
126 -136 -193 0
-14 124 -144 0
-85 -70 -144 0
-66 91 110 0
-28 87 41 0
-56 -31 189 0
169 1 92 0
-162 40 125 0
72 -9 -180 0
35 122 113 0
-128 -84 7 0
-197 95 -199 0
-140 125 -36 0
-197 -168 -193 0
149 -179 95 0
170 136 -141 0
41 -124 1 0
-179 77 121 0
97 -145 -143 0
-63 -39 -7 0
-117 119 189 0
125 29 -70 0
-127 8 162 0
105 106 51 0
110 136 67 0
27 -191 -110 0
-19 -166 158 0
46 -169 178 0
197 -136 155 0
180 18 123 0
-156 -10 -26 0
172 -65 33 0
-114 187 106 0
12 167 -51 0
113 128 11 0
-73 -174 -161 0
108 -152 104 0
-149 -121 85 0
-196 156 12 0
-75 17 -193 0
131 -6 -146 0
5 -40 -197 0
113 55 145 0
105 -53 -134 0
89 28 -152 0
-94 -159 -128 0
-40 -154 1 0
12 67 97 0
-48 -194 -200 0
96 -168 -120 0
99 26 8 0
191 91 41 0
190 -75 -110 0
-86 130 74 0
-12 -32 -138 0
200 -186 -145 0
-111 186 197 0
114 136 -190 0
-178 -50 151 0
-54 -145 -134 0
-116 -170 -40 0
149 46 39 0
70 11 -113 0
-144 86 -187 0
152 -33 -63 0
-181 -157 -137 0
-127 146 -135 0
-50 138 83 0
44 187 -97 0
101 -67 195 0
145 -86 70 0
198 112 -9 0
-131 97 119 0
84 -189 -57 0
185 -101 -68 0
-75 -116 98 0
-32 -135 -193 0
-188 -25 93 0
-52 175 -74 0
-60 94 192 0
56 -77 188 0
-39 -54 -94 0
-46 -156 173 0
-10 36 -169 0
125 -114 102 0
-188 90 190 0
61 -52 -2 0
-68 -120 -193 0
-122 -3 199 0
-53 -42 -100 0
184 175 20 0
-40 26 -69 0
-95 -21 -80 0
45 -75 -158 0
-70 177 139 0
197 -102 -91 0
-181 5 91 0
169 50 -80 0
-144 132 112 0
-110 144 64 0
-149 -79 -166 0
46 -156 -103 0
71 138 -118 0
192 -10 -140 0
70 107 -29 0
175 69 -148 0
40 166 140 0
73 65 198 0
-59 -110 71 0
-113 44 88 0
33 -92 36 0
93 -99 -125 0
168 178 -15 0
135 177 -4 0
80 108 17 0
-168 190 -132 0
180 4 142 0
16 180 35 0
151 -34 187 0
-154 168 197 0
-92 -76 -60 0
-46 -188 13 0
132 -149 -122 0
-125 -135 182 0
39 60 -37 0
32 -64 -67 0
50 42 -198 0
168 -181 87 0
-194 -116 190 0
-73 -34 119 0
-41 -59 -167 0
-121 -166 186 0
43 -180 190 0
125 132 -148 0
-170 198 49 0
86 155 17 0
193 131 -156 0
77 -178 -116 0
