c instance by G2
c solution = 01110010101110100111000011111101011010000001010001011010101011011100101101100110011110101100000110000101011000001010000111001011011001100100110111110011111011110111011100111000101100111010111001100010011110100100111110111111000001010101100110101010111000000001100010110101100001110000100100010010111101101100011101111001011110101000110100100010011111110000010010011001010011010111101101101000001001110110101110100000111011100000011011001010001101100000010000001000110010010101001101101101111011100101
c Known solution cost is 24913 
p cnf 500 500
w 61 27 22 82 53 38 1 68 32 94 29 73 6 38 42 32 65 84 37 79 2 19 68 73 13 41 4 24 57 8 72 70 87 95 5 40 33 6 60 65 0 90 90 58 80 33 90 45 69 27 77 71 46 45 97 11 38 1 88 47 61 60 18 48 7 23 40 40 29 1 57 81 43 48 39 23 33 81 20 54 8 97 77 6 94 74 18 33 76 58 80 89 18 50 90 26 73 82 18 54 83 28 87 78 28 78 53 13 59 74 67 67 23 96 26 70 71 96 3 99 54 35 88 24 86 30 2 11 13 73 66 48 53 53 27 33 32 80 46 43 6 65 11 30 61 89 0 84 85 55 83 39 42 24 63 80 54 18 92 19 91 58 68 44 63 95 77 95 27 75 91 34 92 54 16 53 43 68 90 28 23 73 67 17 97 82 98 4 0 90 23 43 0 91 87 63 38 16 11 18 91 2 4 83 56 20 89 99 88 79 27 63 4 46 32 54 80 30 58 33 72 33 76 72 77 64 36 15 32 99 85 24 1 89 59 9 9 0 8 49 31 87 64 88 33 97 42 65 27 52 98 0 85 75 24 62 91 12 30 23 11 15 99 64 5 11 73 66 11 33 16 95 20 80 83 5 77 25 71 57 29 69 9 14 96 85 29 87 98 11 11 61 78 62 26 35 73 51 2 85 85 70 80 5 50 15 63 80 40 34 89 69 55 98 35 52 83 16 91 33 27 2 95 58 17 73 93 90 24 95 27 61 65 59 19 68 74 82 0 14 68 89 35 23 39 23 27 74 39 19 60 19 73 7 77 90 80 22 33 56 18 60 18 35 20 37 55 94 19 7 61 39 48 48 62 39 71 42 14 63 13 26 82 38 33 11 81 13 33 14 21 3 74 39 91 46 28 98 41 99 6 54 38 54 2 53 94 74 95 60 37 60 86 71 98 19 34 31 84 19 45 57 23 72 97 14 70 77 12 11 77 70 17 15 25 20 68 71 46 15 31 35 27 69 58 78 40 92 9 76 11 55 33 34 79 82 0 49 60 65 13 89 35 30 4 12 2 25 83 48 92 66 35 20 35 93 98 27 85 7 3 97 14 37 83 45 71 36 95 31 53 60 20 40 90 77 53 45 54 88
149 -98 -346 0
-414 98 209 0
312 -78 -224 0
385 489 -483 0
67 -309 -398 0
-476 -458 -303 0
-128 -291 -241 0
-145 -83 -487 0
-374 -481 456 0
-386 98 -478 0
-486 -17 -278 0
-107 11 -327 0
289 -86 406 0
140 370 165 0
-214 -215 -231 0
-277 -267 -302 0
-228 -431 21 0
340 -112 -348 0
-434 -152 -99 0
-322 -213 386 0
-230 423 -288 0
141 -279 -489 0
-370 150 -39 0
-318 39 416 0
-16 -431 100 0
-34 -333 -80 0
232 60 435 0
285 -288 -387 0
246 286 -133 0
140 -5 -490 0
-418 66 -480 0
-341 -398 293 0
-399 121 63 0
85 -305 -310 0
17 -384 324 0
416 212 461 0
-120 50 -348 0
-435 -189 397 0
-368 282 -401 0
-1 -347 -402 0
-355 -127 41 0
103 -95 460 0
-232 -328 345 0
-407 -311 408 0
292 375 277 0
-170 366 -315 0
-336 -303 469 0
-269 275 -158 0
274 500 227 0
158 -154 341 0
264 133 350 0
39 390 -274 0
-350 -136 -479 0
-354 68 -494 0
451 446 458 0
319 116 -450 0
340 -235 -483 0
-150 -479 274 0
52 23 436 0
416 -329 -445 0
150 60 -271 0
-38 -249 80 0
341 -270 -31 0
-407 301 -81 0
-126 103 -78 0
366 231 135 0
6 -268 128 0
-436 -439 -189 0
-315 -374 -242 0
-104 172 289 0
-498 -457 1 0
-50 56 9 0
-395 -169 -83 0
-383 450 154 0
-500 -34 -369 0
-109 -430 344 0
-484 33 406 0
217 -273 8 0
-285 459 -385 0
136 -132 -32 0
-298 -387 -176 0
-263 161 -314 0
-142 486 239 0
337 -225 -339 0
-395 -469 249 0
-54 -64 -322 0
464 241 -265 0
-289 136 161 0
80 227 -330 0
-115 261 354 0
286 -184 298 0
230 441 -20 0
-443 -230 89 0
-356 -85 -19 0
-46 456 234 0
274 -357 359 0
-79 123 -467 0
-60 -417 23 0
439 282 -494 0
368 -153 -125 0
-144 377 -337 0
332 74 93 0
-327 -317 30 0
46 -180 354 0
-394 -59 -142 0
464 48 -33 0
410 237 175 0
18 -268 -25 0
-96 -171 -70 0
-186 -279 257 0
-37 -476 57 0
83 80 391 0
41 -72 -161 0
-130 218 160 0
-123 -300 345 0
266 -461 -67 0
-332 93 -431 0
-405 -107 303 0
-142 -425 23 0
192 402 481 0
-471 -267 390 0
329 -159 -378 0
-483 289 -6 0
164 -376 118 0
415 -362 -128 0
383 -168 406 0
259 -456 355 0
-15 -293 -160 0
-448 -190 -381 0
152 81 -241 0
429 -301 86 0
213 -2 31 0
387 -223 -142 0
472 257 481 0
412 314 -495 0
-273 -207 474 0
-434 -158 -275 0
-212 375 -405 0
266 -302 -42 0
452 478 -116 0
-403 -118 -350 0
375 367 465 0
16 -147 -396 0
-442 413 -131 0
-105 -249 -461 0
-372 -389 -305 0
-342 -75 475 0
384 338 -469 0
-287 -185 -166 0
4 425 -479 0
31 -233 -298 0
365 227 -267 0
449 -266 -419 0
190 -184 453 0
-240 134 412 0
76 369 -252 0
301 206 -477 0
367 321 79 0
248 -476 -76 0
177 392 459 0
381 1 98 0
291 21 297 0
123 -93 -364 0
-114 -223 -122 0
143 -282 254 0
424 362 494 0
-200 -145 -336 0
-100 231 -472 0
-411 202 117 0
-208 -380 318 0
-138 148 -159 0
463 205 -97 0
55 -278 309 0
373 -423 -160 0
197 -226 -159 0
7 -85 326 0
-333 -359 -405 0
119 2 362 0
291 -308 -141 0
-343 404 -262 0
100 288 -399 0
318 467 -92 0
-452 -278 -65 0
-310 330 358 0
-375 -96 471 0
479 246 345 0
445 -270 495 0
49 -199 167 0
-307 -25 -202 0
-358 25 -461 0
252 -398 379 0
-311 -223 -73 0
45 -83 -258 0
-449 -381 -163 0
-63 -446 41 0
-254 344 -199 0
349 338 -159 0
308 398 388 0
16 -273 -468 0
39 367 27 0
484 -154 15 0
-423 315 108 0
-88 143 -102 0
-419 497 -165 0
-139 -4 -479 0
348 -144 193 0
389 277 -408 0
-59 37 -195 0
-270 70 322 0
-306 266 437 0
-402 72 -403 0
90 -145 149 0
-203 -184 122 0
-203 -147 -149 0
481 376 432 0
-229 -204 254 0
-240 267 -185 0
328 116 -313 0
307 127 -320 0
-103 111 326 0
457 -173 -111 0
449 -35 -174 0
326 482 200 0
-245 -137 47 0
354 -440 -409 0
75 233 -245 0
193 -388 328 0
-110 -495 496 0
236 355 -498 0
32 54 -236 0
-483 -272 219 0
204 -148 335 0
-498 -171 -198 0
-124 58 429 0
-331 -158 448 0
-77 -422 -292 0
-3 215 438 0
409 -97 -69 0
170 -485 323 0
-163 428 422 0
300 -267 -2 0
-250 339 -245 0
-214 175 -340 0
150 -415 -52 0
-75 -206 200 0
35 328 170 0
223 274 196 0
97 -152 -44 0
125 -7 254 0
-472 -343 -21 0
406 -412 -422 0
126 -379 -455 0
42 -58 -87 0
-303 -373 -259 0
103 -241 -338 0
-218 226 -232 0
309 304 107 0
109 -125 -178 0
156 -352 -8 0
-9 -25 493 0
178 -182 330 0
431 -374 356 0
310 99 -399 0
-422 147 353 0
-119 353 -189 0
-404 -446 -389 0
197 105 -390 0
-197 463 -219 0
54 290 53 0
-334 -268 327 0
-41 150 362 0
-353 -260 246 0
-317 185 -113 0
-272 490 67 0
132 -168 483 0
443 -27 462 0
103 102 -300 0
-117 -57 -79 0
333 471 -35 0
-304 112 487 0
174 451 3 0
-74 -162 -499 0
281 284 395 0
-384 117 34 0
429 -300 268 0
-437 -83 -319 0
-444 78 39 0
-272 -245 -391 0
475 -473 -61 0
-196 290 109 0
-172 256 13 0
317 33 -141 0
-89 29 274 0
243 136 -7 0
-195 -32 250 0
-421 367 -429 0
-239 -96 406 0
132 -49 242 0
293 -19 -441 0
-273 -61 146 0
143 421 -219 0
-213 335 -101 0
242 413 96 0
-344 -179 -474 0
450 466 -147 0
301 -152 -209 0
73 -97 -36 0
45 48 -14 0
282 301 399 0
-387 445 -496 0
372 171 -202 0
260 385 -115 0
33 -292 -181 0
26 337 -65 0
-2 -463 309 0
-296 304 -9 0
82 -221 335 0
270 -138 246 0
-410 -50 460 0
21 162 -431 0
266 -451 -405 0
-434 -392 -190 0
-187 -286 -30 0
-201 -69 -483 0
132 340 221 0
130 -15 31 0
203 -18 40 0
-158 374 -472 0
-386 356 400 0
-45 112 101 0
-428 -494 -191 0
-434 445 306 0
-234 326 -175 0
331 -157 -10 0
458 425 245 0
-276 -32 258 0
103 -4 183 0
-244 -4 -251 0
-40 -486 98 0
-187 180 -479 0
-148 -462 -454 0
5 -113 -492 0
247 -13 475 0
157 192 -380 0
-465 444 441 0
255 -459 477 0
496 65 -320 0
-374 67 295 0
-316 -97 173 0
45 -227 -122 0
352 16 -443 0
-243 59 -130 0
-202 487 302 0
118 476 -479 0
87 -483 -127 0
-433 452 447 0
390 -22 -44 0
-56 -403 129 0
264 62 286 0
-68 -163 -232 0
-381 -20 -363 0
-147 -140 -368 0
-434 407 -323 0
380 471 239 0
-348 169 64 0
-204 -248 -205 0
-155 240 -210 0
364 200 16 0
346 492 -323 0
343 264 181 0
129 -43 16 0
334 -204 283 0
450 293 299 0
438 159 126 0
-47 105 -386 0
-406 282 -386 0
391 -360 -251 0
-261 -433 151 0
-407 427 84 0
-393 -13 -147 0
-397 -204 -199 0
-273 222 -336 0
345 -51 -154 0
-90 -483 -48 0
-195 -294 -402 0
69 401 -386 0
-260 266 488 0
-83 246 28 0
39 -411 433 0
-421 -399 -326 0
209 -255 33 0
-498 220 -310 0
-486 145 231 0
-23 -173 -364 0
161 189 355 0
-146 -107 216 0
-55 -300 -345 0
68 -203 19 0
184 73 296 0
194 -490 459 0
132 -398 305 0
-417 168 -361 0
375 104 354 0
92 -20 210 0
-368 -421 -382 0
109 265 263 0
-438 123 427 0
311 150 92 0
426 -470 459 0
231 144 225 0
61 201 170 0
-156 235 313 0
-113 347 282 0
99 -454 417 0
403 -300 150 0
256 278 294 0
56 452 -366 0
336 -486 -147 0
-219 273 471 0
-250 -96 -264 0
-398 207 45 0
-311 279 -155 0
-292 -158 106 0
77 -497 36 0
411 -461 -151 0
-284 252 -135 0
-350 -121 491 0
-106 -160 113 0
326 454 499 0
58 -13 -257 0
-61 238 -256 0
-141 -192 -127 0
-108 -151 -223 0
354 480 208 0
225 12 415 0
-194 -377 -491 0
434 242 414 0
-159 44 -418 0
468 71 -431 0
181 345 -475 0
20 -217 -7 0
149 280 432 0
-193 239 -234 0
-285 -432 -37 0
224 -65 -113 0
51 112 320 0
149 -87 405 0
342 -3 -416 0
-335 -107 289 0
-321 -223 462 0
43 -238 150 0
95 1 430 0
-143 -431 308 0
-166 227 131 0
-202 153 -466 0
103 -24 133 0
39 191 394 0
209 120 448 0
-498 -53 187 0
-395 195 -402 0
361 496 410 0
-368 -215 -283 0
-94 269 -270 0
76 -91 -454 0
175 155 225 0
-379 -302 115 0
-2 -368 179 0
-107 -427 276 0
142 254 101 0
248 -129 471 0
-367 -202 -403 0
-490 -188 -389 0
441 -12 378 0
-191 419 406 0
272 1 -409 0
-281 -402 238 0
166 1 -222 0
-413 -316 -361 0
-371 345 21 0
-90 485 192 0
274 -62 325 0
-316 429 138 0
-290 414 -273 0
-102 -249 316 0
-485 -460 -260 0
-204 498 455 0
367 -426 132 0
418 231 -399 0
-253 -379 385 0
396 -152 351 0
-19 -221 251 0
-187 -7 163 0
-211 258 -189 0
214 -82 -370 0
77 -453 452 0
291 -327 -420 0
-246 -418 108 0
239 199 -19 0
-53 -464 367 0
262 -424 -217 0
