c instance by G2
c solution = 01110000010101011011110001001111100111110100101010001000000111000101010010101000100010010101000010111100010111101110111101010011011001000111000111000111100101010111011001001001101111001011000011101101000100010011110001101001101011010000010011100100110011111010011011010011111001011100011101100000101011100100010100001111001101110011111100001001001110100010001001100010010110010110100101101101011001000000101100110111001110111011110000010100000011101111100010001001000001101100000110000101100000001011
c Known solution cost is 25333 
p cnf 500 500
w 86 77 40 89 7 39 24 59 90 68 25 57 3 44 85 73 52 37 35 39 14 18 46 47 96 26 86 25 80 93 74 18 23 15 7 82 6 31 42 48 52 67 5 7 12 42 80 16 31 67 55 45 85 54 44 34 32 30 59 12 76 86 30 99 1 89 81 59 20 75 7 24 43 64 31 7 6 63 23 37 31 31 34 68 37 78 2 69 8 14 33 84 0 15 35 53 4 69 12 76 44 71 53 87 35 84 46 93 48 70 82 31 53 16 99 90 94 54 11 54 20 44 91 72 11 26 25 67 47 89 95 92 60 48 79 95 33 26 88 33 48 70 64 53 38 15 43 84 21 6 38 41 2 81 13 13 60 90 80 7 79 27 99 39 76 31 86 61 9 74 94 9 96 10 62 86 25 57 70 47 63 61 40 65 94 54 30 54 44 62 62 24 89 13 15 17 96 2 78 5 28 72 66 77 34 28 63 60 85 86 59 0 47 99 17 41 5 47 48 50 9 62 26 99 75 41 16 72 95 47 29 76 71 96 53 6 76 68 18 14 54 77 14 53 28 32 95 34 31 95 84 41 57 62 92 32 55 60 56 51 59 38 27 31 86 32 37 62 0 7 28 55 84 95 8 64 79 55 98 10 50 34 3 7 48 95 92 4 8 0 7 67 90 86 50 76 18 39 91 18 46 71 25 82 66 86 47 45 93 45 56 44 32 59 3 80 7 47 84 67 0 43 86 90 29 37 19 47 76 62 18 23 33 95 5 0 81 52 97 75 50 53 71 34 65 26 14 72 26 51 91 26 94 77 68 76 14 87 23 43 1 93 66 35 89 23 87 22 28 84 49 30 90 72 64 55 99 30 79 25 81 70 3 28 99 71 4 66 11 79 9 12 73 27 99 14 50 38 88 30 75 38 60 65 10 76 20 61 7 51 38 88 73 41 68 72 65 72 38 76 52 99 40 77 26 92 43 29 82 31 59 57 21 72 22 84 48 94 45 55 45 36 96 18 77 64 43 94 37 81 22 41 33 15 18 59 7 61 88 41 44 0 99 66 24 21 50 72 68 47 80 13 83 28 84 13 92 27 7 81 60 82 74 93 97 92 5 56 5 45 97 50 97 96 68 21 70 18 46 38
-167 334 -351 0
292 -24 207 0
165 146 -17 0
-163 88 -158 0
-22 -257 -196 0
-17 413 331 0
237 24 470 0
-215 -68 -40 0
-367 324 76 0
83 252 -269 0
-40 -297 16 0
201 326 374 0
121 32 -395 0
-203 -29 248 0
305 436 439 0
-197 86 -369 0
431 201 -191 0
156 -197 -389 0
-421 254 258 0
-443 467 -290 0
-273 411 410 0
402 297 -416 0
-192 -461 -60 0
316 -67 -238 0
-127 -163 -52 0
90 -320 472 0
-381 138 377 0
482 -424 306 0
-461 -313 35 0
440 51 -126 0
-499 -445 -314 0
396 431 -143 0
-152 -43 252 0
-344 109 -470 0
-194 232 -376 0
182 -428 346 0
-195 68 -438 0
170 -100 422 0
-497 -359 -358 0
34 132 -87 0
72 275 6 0
-233 44 -120 0
-312 448 -484 0
-425 260 268 0
-469 141 -102 0
-468 -447 -355 0
-90 34 250 0
-160 50 -63 0
337 -328 -50 0
-349 -145 423 0
-395 -489 -165 0
-288 43 -1 0
-398 173 161 0
-366 321 -26 0
-61 379 439 0
-236 -415 340 0
348 175 155 0
-159 -282 -334 0
462 -365 -118 0
288 -130 132 0
9 -336 -382 0
-485 -90 -88 0
308 -372 108 0
-441 -122 9 0
187 237 -347 0
-208 -184 240 0
-33 456 218 0
148 467 -342 0
400 313 -132 0
-419 -139 144 0
199 490 419 0
-331 -281 -467 0
-106 492 195 0
-176 -20 -231 0
36 -31 -271 0
-471 316 489 0
13 -387 -465 0
-109 -154 -22 0
377 -49 317 0
310 -349 466 0
57 -244 -227 0
347 493 217 0
365 408 74 0
55 -267 63 0
19 -303 105 0
-278 -122 -495 0
210 -392 -149 0
15 -329 87 0
251 -439 -131 0
28 394 11 0
185 433 -118 0
319 137 74 0
-394 -400 -227 0
-164 -190 -219 0
-158 -440 277 0
-378 -264 -420 0
247 212 -333 0
304 -4 -295 0
-65 5 -334 0
53 305 439 0
-395 69 -135 0
-351 -266 -13 0
-324 -251 -38 0
-222 -480 -303 0
205 -328 162 0
497 252 203 0
-389 -187 114 0
358 -476 79 0
444 496 -343 0
-189 385 -381 0
-389 -335 -298 0
371 -500 166 0
-474 -199 -170 0
-481 -179 -300 0
-270 234 24 0
-399 190 149 0
291 -124 354 0
-88 323 -85 0
356 -183 482 0
484 -197 130 0
-414 175 -371 0
466 375 273 0
-286 -39 282 0
-392 -181 -174 0
-81 63 -279 0
196 446 444 0
24 461 435 0
318 -370 56 0
-155 -90 -254 0
-381 364 106 0
-289 237 -152 0
-103 -106 -363 0
-185 47 -341 0
-419 -216 -38 0
465 -92 281 0
-272 -147 217 0
305 117 -60 0
213 322 -326 0
13 -141 -449 0
308 -480 -397 0
-234 123 58 0
239 78 450 0
-347 40 260 0
-363 459 177 0
353 -388 107 0
-78 298 339 0
-9 -118 -331 0
33 364 72 0
-426 338 -111 0
-265 -464 -8 0
440 -293 223 0
104 -460 -249 0
340 -491 34 0
351 -134 54 0
283 49 433 0
243 -291 15 0
-310 159 -490 0
488 -272 35 0
-367 169 449 0
-428 -431 383 0
-7 382 307 0
305 257 136 0
307 -377 44 0
-419 -477 -4 0
209 172 -493 0
391 329 -346 0
338 -321 56 0
295 194 294 0
304 -257 66 0
-117 -21 -247 0
-472 269 -113 0
-86 79 -238 0
-481 456 -434 0
-455 -280 252 0
-195 -447 -28 0
-68 370 491 0
472 -136 -47 0
126 365 -406 0
320 264 -177 0
406 -483 -17 0
201 -326 -404 0
263 -156 -158 0
-82 315 174 0
244 -77 -15 0
228 -463 236 0
-106 412 -480 0
48 137 -94 0
479 131 377 0
468 143 -46 0
442 414 365 0
-344 -257 359 0
261 -98 -81 0
397 -433 494 0
467 -2 453 0
-166 -482 -111 0
-185 -93 48 0
98 100 -73 0
344 84 -22 0
95 -499 208 0
-201 -336 98 0
51 245 389 0
-71 183 -265 0
-10 -217 -347 0
-436 -282 -368 0
178 -393 -47 0
91 -5 -446 0
63 -205 -138 0
-76 -219 -275 0
193 -29 89 0
-171 -138 206 0
289 393 29 0
-42 21 -221 0
-4 -144 381 0
58 -178 298 0
-36 202 429 0
-410 135 210 0
256 371 -177 0
392 353 -179 0
101 -473 -480 0
-344 -459 -255 0
7 141 -322 0
-27 222 -405 0
-414 17 -488 0
-62 328 -497 0
400 286 294 0
485 -296 -22 0
-325 -480 -392 0
-127 364 290 0
-20 -211 -396 0
58 -354 -214 0
224 -323 -421 0
-47 267 -186 0
-185 368 -137 0
-328 -401 -164 0
57 391 -202 0
25 39 418 0
410 -306 -498 0
-114 253 126 0
25 -220 422 0
123 139 -21 0
95 -338 171 0
225 -268 -317 0
220 -412 153 0
458 245 299 0
-187 284 -209 0
-200 -246 61 0
43 191 341 0
-274 244 -479 0
-213 -75 -437 0
-458 371 -452 0
-257 -398 -466 0
-403 -138 220 0
231 -228 147 0
397 293 -330 0
-225 265 76 0
-75 -110 -226 0
-331 184 -308 0
474 -319 -214 0
237 -240 490 0
-180 164 352 0
271 -33 141 0
87 -164 384 0
311 -11 203 0
-274 -115 -91 0
-287 -311 82 0
188 -31 252 0
304 -331 -105 0
425 -436 -110 0
107 333 -232 0
180 -40 -333 0
245 342 -496 0
235 428 141 0
119 -102 -219 0
-35 496 -120 0
222 60 308 0
77 -17 -97 0
-180 -359 427 0
-416 83 259 0
-70 -352 220 0
199 -391 72 0
-41 -331 388 0
-188 75 -282 0
54 362 487 0
-131 355 -10 0
154 445 234 0
-84 -419 270 0
475 -422 296 0
406 407 59 0
6 438 315 0
-166 365 398 0
191 -170 214 0
238 -359 -106 0
134 -421 83 0
217 -419 349 0
469 -207 252 0
-161 -33 454 0
-385 -326 -119 0
-152 127 135 0
417 163 365 0
385 -218 -283 0
314 222 70 0
-64 -66 -3 0
-219 -110 -432 0
339 87 303 0
160 276 -378 0
397 -122 451 0
491 289 -284 0
142 -131 -69 0
-429 -56 -85 0
376 222 399 0
-262 237 -409 0
426 270 499 0
-45 255 -389 0
174 -210 -257 0
-112 78 -39 0
490 496 -125 0
-316 143 -457 0
329 420 -419 0
329 311 -380 0
-32 -387 124 0
-387 442 97 0
227 -99 498 0
37 -425 -288 0
52 -59 279 0
-299 313 45 0
-241 30 -164 0
-350 -225 267 0
18 202 -248 0
147 -323 -340 0
-436 242 23 0
43 -57 -3 0
272 -60 448 0
432 345 181 0
264 237 -292 0
276 432 430 0
-487 393 217 0
-73 -235 269 0
493 -173 197 0
-230 189 115 0
74 -445 -258 0
-447 -54 -138 0
-134 -450 -121 0
264 484 302 0
372 -111 -373 0
201 -170 452 0
248 378 409 0
289 464 -349 0
116 363 -185 0
249 82 -160 0
-166 99 -389 0
-163 -374 50 0
31 223 293 0
-375 260 54 0
-104 11 103 0
-294 369 -22 0
-101 -72 137 0
435 -447 327 0
-74 -37 487 0
-286 -445 118 0
69 220 151 0
321 -353 492 0
-389 -188 500 0
301 396 462 0
3 422 -163 0
84 404 128 0
133 167 -134 0
-418 -419 -229 0
107 -276 -232 0
-173 -277 321 0
92 468 377 0
-19 481 -429 0
396 155 -169 0
487 -486 -89 0
-79 456 43 0
-97 191 387 0
169 -307 11 0
67 -23 285 0
252 -304 -381 0
-454 308 311 0
-271 424 228 0
433 390 -182 0
-245 498 199 0
482 -246 -18 0
143 176 -238 0
-419 -120 -492 0
-77 -195 367 0
358 145 -470 0
76 -19 -237 0
-101 -413 84 0
104 179 -457 0
343 183 62 0
-232 -425 20 0
332 276 478 0
-77 -442 96 0
382 -370 2 0
276 -26 -402 0
-230 -461 -239 0
-260 -195 -198 0
-107 43 300 0
339 -285 -31 0
155 473 293 0
-223 -194 -286 0
-337 -303 -170 0
352 81 477 0
80 234 -309 0
46 -44 -26 0
150 -286 393 0
432 278 -423 0
-331 491 22 0
102 377 -362 0
280 -90 -297 0
-462 -97 422 0
-26 -456 222 0
336 184 217 0
260 113 -181 0
-48 -100 294 0
-197 300 -58 0
413 -116 -430 0
-194 -113 395 0
-180 120 417 0
183 -206 345 0
111 248 476 0
-99 -475 72 0
495 274 433 0
-315 96 -19 0
-36 -411 486 0
35 -360 72 0
-61 -81 200 0
-38 -83 292 0
-157 -290 -138 0
-140 -25 161 0
230 482 235 0
-453 354 421 0
85 366 -241 0
-428 382 158 0
-181 -142 385 0
432 110 -33 0
-124 73 -17 0
-133 -122 369 0
-211 386 -253 0
-12 -461 480 0
140 -241 -30 0
329 -96 148 0
-357 -421 -241 0
210 152 442 0
-481 -168 350 0
-85 -34 270 0
42 157 44 0
292 260 26 0
-494 -33 -405 0
314 123 -435 0
307 -423 415 0
178 -252 215 0
-163 219 -449 0
-118 -361 417 0
-55 478 -218 0
91 -246 -448 0
432 12 321 0
471 -327 69 0
262 -242 -268 0
343 -51 285 0
482 -148 444 0
251 198 380 0
368 -436 287 0
353 -129 91 0
-332 -362 14 0
136 122 107 0
-102 221 -164 0
161 190 -364 0
-80 -179 -319 0
121 28 -95 0
-305 148 -33 0
241 462 -100 0
460 -323 -261 0
-446 -12 4 0
-123 -282 -106 0
204 391 354 0
487 10 406 0
239 -345 -158 0
448 -14 -383 0
373 342 -488 0
-172 410 -232 0
356 -156 246 0
-356 165 5 0
478 228 -444 0
229 -310 -328 0
-97 -427 447 0
432 457 -187 0
404 335 -336 0
-12 38 251 0
261 -372 -339 0
-387 -429 -175 0
312 314 191 0
-290 -214 -6 0
405 -262 247 0
-408 95 -478 0
-363 -417 209 0
416 -275 -66 0
-499 266 399 0
211 356 13 0
