c instance by G2
c solution = 11100000100110110111001001001110001001011001110111011010100111111011011101011000001100100011100111011101110010010111101000100011110011100101101010100001001000011000110110100001010010110000000000001110101001101110000010110110100010100001101010111100111101111010000001101100110000011001100001000000100011100111110011101101001011101110001110001001111000100011000111001110110010111111111110110110010101110111110000111000110101100110001010001001010101010001101111101001001010111011110111001010100001101100
c Known solution cost is 24777 
p cnf 500 500
w 88 46 47 7 81 18 66 73 4 90 91 49 55 80 13 91 15 25 75 33 32 38 17 62 8 46 42 5 65 55 26 53 1 73 61 83 43 79 8 47 21 99 96 76 31 9 20 99 87 47 32 71 38 1 33 46 48 27 3 13 82 29 19 36 55 32 71 98 63 79 46 85 78 42 13 61 4 85 60 91 33 45 14 71 46 99 69 94 27 25 60 9 54 31 45 9 63 68 8 78 47 6 15 77 0 81 39 4 66 51 47 51 96 61 74 43 61 44 37 40 69 49 49 75 80 47 37 95 15 97 74 15 3 41 92 3 22 83 60 41 35 59 92 31 21 67 74 34 63 64 74 84 13 75 11 46 74 48 41 42 97 67 57 0 61 49 56 83 85 16 24 20 75 69 3 48 36 30 34 51 94 8 87 59 36 98 57 10 99 99 52 96 18 9 49 79 11 5 15 48 73 39 68 0 60 23 49 96 53 35 99 99 96 86 59 32 37 16 94 36 67 47 32 38 8 81 69 71 38 84 19 11 76 39 12 36 63 13 85 16 48 84 16 44 23 27 28 60 95 23 96 15 70 80 5 30 14 74 2 52 59 73 64 87 13 28 23 76 41 60 44 41 97 12 86 20 39 14 80 87 37 28 54 59 8 59 90 22 33 44 27 44 17 91 83 82 19 59 58 12 19 3 53 16 15 91 36 7 6 68 46 95 48 0 55 9 59 97 83 92 93 10 89 62 1 72 45 72 31 55 36 3 10 90 19 78 81 8 85 39 28 31 35 77 83 42 86 42 91 69 86 84 32 75 98 33 0 43 58 83 99 94 86 61 36 6 39 18 66 76 57 94 7 44 23 42 38 61 84 29 83 71 65 15 98 16 0 50 59 58 34 10 5 20 72 41 26 63 11 44 40 21 91 99 65 14 42 56 76 26 37 11 49 55 26 48 71 26 98 82 37 84 45 94 5 69 35 83 32 99 28 72 20 19 72 37 85 14 93 61 92 31 72 42 38 50 42 9 29 92 91 66 77 88 12 82 57 47 17 90 98 45 62 18 16 86 56 2 0 1 15 45 84 40 87 22 90 81 83 71 73 27 37 2 15 1 36 73 1 54 15 99 51 77 18 68 16 26 22 68
19 -199 -61 0
170 12 -184 0
-219 73 -208 0
471 180 -382 0
-458 157 98 0
32 -324 -91 0
237 -497 -375 0
-246 38 294 0
76 261 -61 0
499 2 227 0
-226 17 28 0
239 205 -116 0
-434 -70 126 0
-444 1 -3 0
-229 195 -36 0
172 180 57 0
122 -162 328 0
-145 -476 52 0
236 -269 192 0
-63 -201 -409 0
-101 335 -229 0
416 -111 434 0
80 81 -24 0
-100 -197 459 0
94 257 -382 0
164 389 67 0
-118 450 352 0
-122 283 -217 0
469 17 8 0
-209 -113 -455 0
-284 -476 147 0
-308 336 -398 0
-120 156 -197 0
-310 -305 175 0
-290 307 352 0
243 -315 -64 0
-478 80 270 0
169 -178 441 0
-280 -417 219 0
-289 296 -274 0
-266 369 -96 0
227 -436 -431 0
-125 118 -365 0
194 -350 -166 0
435 244 -378 0
-241 -313 -364 0
426 500 -313 0
-115 -390 83 0
-354 -361 10 0
374 173 -22 0
96 -345 233 0
-460 -3 -147 0
487 -325 -15 0
-207 -41 464 0
226 27 384 0
246 -207 232 0
352 -8 -461 0
-60 -486 -327 0
387 153 174 0
185 93 348 0
-266 301 202 0
167 -7 -197 0
393 142 -312 0
-496 292 146 0
-320 446 27 0
-429 153 -206 0
-139 -433 419 0
-210 441 -180 0
-239 468 273 0
58 -219 -190 0
-193 -93 189 0
431 -448 -9 0
-476 137 -82 0
299 160 407 0
253 -157 192 0
395 -438 421 0
-78 -52 -442 0
-303 457 386 0
-373 -466 300 0
182 -407 -444 0
388 -68 24 0
-296 -23 348 0
-326 278 128 0
-318 320 -127 0
484 -152 -121 0
-394 -268 334 0
-405 21 225 0
-259 -66 -53 0
476 428 82 0
40 488 -128 0
496 -19 -408 0
277 199 258 0
-255 466 -110 0
85 -283 -250 0
-447 -318 279 0
463 -483 311 0
-406 -124 -171 0
39 318 -199 0
413 -160 -105 0
256 -65 -355 0
489 -71 -26 0
450 348 -493 0
362 -366 172 0
-480 361 357 0
401 456 -70 0
443 -243 72 0
43 31 33 0
-10 -223 479 0
-211 327 287 0
-485 -251 115 0
291 -211 -154 0
-440 79 402 0
492 -449 14 0
-31 -489 166 0
11 421 313 0
126 -29 433 0
451 51 -286 0
-245 173 133 0
-357 228 424 0
-366 204 -275 0
187 -52 -421 0
214 368 337 0
-412 259 94 0
82 -21 -138 0
203 157 292 0
-281 -485 74 0
101 -62 -178 0
-368 125 392 0
397 -58 328 0
393 233 453 0
-253 -3 25 0
-331 -141 -372 0
-4 304 474 0
-453 -96 -470 0
249 -29 150 0
181 293 -45 0
-405 -311 -127 0
430 -298 -309 0
317 -273 263 0
305 -316 425 0
-147 240 102 0
328 -465 248 0
333 233 -179 0
141 -309 -171 0
120 -204 -335 0
231 248 447 0
-210 403 95 0
-32 -351 -23 0
-141 184 -388 0
-412 -191 357 0
-45 423 103 0
-197 -99 -376 0
-53 -489 -468 0
-292 227 -412 0
412 58 349 0
-251 -93 105 0
258 467 491 0
132 207 438 0
248 -76 -415 0
368 -131 -106 0
136 -448 143 0
92 374 -382 0
-469 -202 -15 0
265 121 274 0
123 142 -417 0
492 -424 -351 0
100 110 215 0
-317 -375 -242 0
158 137 119 0
-419 -206 328 0
-454 -199 -375 0
-86 -176 -239 0
61 -461 449 0
291 -489 3 0
492 -418 405 0
-18 -462 88 0
-57 172 135 0
258 116 185 0
107 49 -50 0
-210 217 -48 0
-135 -439 14 0
159 -451 -236 0
-18 -213 -456 0
-303 -79 264 0
108 265 -328 0
367 218 -381 0
-320 -138 -363 0
293 -233 328 0
-60 -196 -169 0
408 161 -57 0
-332 -306 416 0
294 451 377 0
-446 -389 -61 0
-171 -192 -20 0
443 -209 198 0
-404 250 -382 0
454 -417 -188 0
285 -281 -55 0
-83 97 262 0
409 -244 20 0
478 59 -290 0
248 434 -276 0
-302 26 372 0
84 -206 450 0
118 -17 78 0
-219 139 -214 0
-194 -145 193 0
-41 -45 -393 0
481 -250 -46 0
43 216 -230 0
35 492 450 0
309 -64 348 0
268 -302 398 0
228 -215 -377 0
338 293 229 0
-418 13 11 0
-40 80 365 0
364 332 206 0
-437 -450 167 0
-5 357 304 0
-456 -27 -19 0
106 -335 -402 0
299 442 -256 0
378 122 -246 0
139 -442 473 0
417 215 214 0
-443 187 -31 0
-337 81 -150 0
214 -225 -287 0
-156 28 338 0
-265 -477 -97 0
17 455 94 0
-406 310 363 0
63 232 -210 0
382 -469 -229 0
-342 407 -360 0
-16 60 -384 0
-252 292 -42 0
269 -396 401 0
131 -308 220 0
-39 -327 466 0
488 -225 -149 0
94 -416 -93 0
-485 -477 -80 0
-367 448 80 0
-67 45 -426 0
-500 -45 296 0
-277 54 -201 0
-189 -217 205 0
-270 394 -106 0
392 -492 212 0
-151 175 260 0
-134 390 343 0
-304 338 -16 0
262 -448 176 0
-263 -388 -38 0
248 234 -69 0
-380 22 347 0
224 242 -288 0
182 -300 334 0
497 -23 4 0
-347 -432 -284 0
-115 -176 420 0
449 -136 395 0
-261 401 -211 0
-223 288 -349 0
-240 73 432 0
156 330 -469 0
450 441 -343 0
89 -463 -472 0
452 354 -105 0
386 233 15 0
-347 -269 77 0
-64 451 -103 0
263 -247 407 0
56 458 110 0
-361 -158 265 0
-74 280 -482 0
-490 -68 339 0
492 -14 36 0
-337 -246 267 0
368 -387 -89 0
-241 -375 495 0
-480 -2 485 0
406 156 51 0
328 -255 400 0
-229 82 -144 0
-30 -104 356 0
477 89 -498 0
450 292 -174 0
30 118 -155 0
-422 -381 -282 0
355 -102 466 0
319 -271 316 0
315 -269 -219 0
-34 -323 122 0
191 -6 -133 0
235 156 -56 0
454 255 208 0
-15 86 44 0
-200 278 136 0
175 21 444 0
-23 -123 345 0
-339 292 -57 0
-114 16 -383 0
200 -228 414 0
-250 56 18 0
302 491 -67 0
-220 68 434 0
242 183 -478 0
94 354 -291 0
182 326 -290 0
372 366 159 0
333 178 -418 0
364 -313 -167 0
321 14 391 0
427 -140 78 0
429 129 -307 0
-248 190 6 0
-168 -185 73 0
468 29 -35 0
-241 -484 -152 0
130 -375 334 0
-221 -63 28 0
-362 -386 278 0
-346 167 -224 0
430 437 491 0
-232 -420 -458 0
-187 -13 99 0
-57 24 -159 0
-234 -207 500 0
-19 441 -358 0
-20 65 445 0
419 -68 -126 0
107 395 -25 0
186 -207 -51 0
-380 351 253 0
55 -206 -459 0
-477 66 -177 0
460 -178 48 0
321 211 -29 0
53 -420 78 0
-57 -107 -442 0
-222 201 -467 0
140 -375 230 0
99 -20 -235 0
-331 -88 -325 0
-96 -290 -374 0
-59 -41 -485 0
202 179 -148 0
-61 -203 -435 0
389 329 -471 0
-251 -411 -272 0
80 344 -453 0
-423 -297 251 0
-441 -244 -347 0
346 89 465 0
208 -445 -129 0
360 14 -245 0
-255 314 -418 0
138 202 -476 0
-258 263 -498 0
-71 -338 -77 0
-175 401 -327 0
46 -219 156 0
-348 429 286 0
-488 279 -26 0
-104 245 449 0
233 149 -491 0
-176 -458 290 0
-278 319 -145 0
202 323 -57 0
-340 -473 -485 0
124 494 -361 0
277 268 -170 0
-315 -414 -281 0
-173 -109 -327 0
-425 416 -394 0
436 -182 -15 0
-199 -186 -457 0
-360 410 375 0
-106 325 -485 0
117 368 -448 0
-123 306 -114 0
104 86 -331 0
-379 -321 164 0
-238 -45 407 0
-256 -371 -337 0
-245 -33 99 0
-227 393 -169 0
-92 -446 266 0
-57 -171 127 0
80 -53 -137 0
283 -62 -499 0
-459 -299 185 0
-326 -459 -85 0
180 197 470 0
498 194 186 0
234 158 -73 0
-335 475 271 0
155 289 474 0
158 292 -195 0
-138 233 -54 0
-37 -129 -93 0
-205 304 -241 0
-387 376 -356 0
157 78 41 0
411 139 -452 0
439 -146 -206 0
11 -333 -459 0
-72 373 132 0
421 109 332 0
308 185 363 0
295 -212 443 0
-366 165 -225 0
-201 -251 222 0
-160 -217 50 0
51 -330 396 0
-467 281 -346 0
47 -142 139 0
167 25 -428 0
-257 23 -199 0
-401 -45 122 0
-387 -83 482 0
-87 -95 -169 0
-181 234 -164 0
-373 295 341 0
-178 -279 278 0
252 -420 -203 0
-474 -285 186 0
-262 -231 180 0
235 82 -322 0
-280 -410 -44 0
383 180 172 0
-28 238 -394 0
-388 64 89 0
297 121 151 0
-181 -325 -319 0
-392 -302 -417 0
-479 -23 146 0
-295 -198 221 0
-40 303 490 0
202 -128 -132 0
311 296 -260 0
-309 292 -153 0
-396 209 298 0
168 -362 121 0
-90 144 -396 0
122 407 -430 0
-218 -92 37 0
421 300 171 0
370 -119 353 0
33 91 425 0
62 -456 -274 0
-48 131 -395 0
450 331 215 0
254 108 21 0
193 480 265 0
404 -13 107 0
287 -100 -334 0
374 -75 328 0
304 -264 -96 0
-369 -294 -290 0
-140 379 24 0
472 -318 343 0
-94 86 -211 0
-93 386 134 0
37 -163 397 0
190 -481 70 0
-359 -183 -60 0
418 110 -255 0
-109 424 152 0
78 -57 -352 0
112 -117 291 0
386 -108 -487 0
-216 -60 89 0
213 -252 71 0
410 422 349 0
-315 399 339 0
223 287 78 0
381 -26 439 0
419 -2 87 0
385 -388 -129 0
496 479 -397 0
132 9 -145 0
163 114 -458 0
284 -403 80 0
7 -318 -293 0
241 111 24 0
-45 -47 -199 0
-81 492 -62 0
-172 125 -385 0
210 312 -45 0
-134 145 172 0
440 -49 -119 0
-43 -469 492 0
-74 -206 380 0
212 -15 -11 0
179 -115 -353 0
461 319 359 0
