c instance by G2
c solution = 10101001101110100101100000110110100101011100000010100100110001011001100000000001001111110110010110011011101101111001010011110111110000110000011101001000111100100100101101001101101011001101011000000110011111001100101011110110110100111000110100110010111101010001010000011100101001000110011101000000010000010111011010010100000101110110011001110011101111100110001000001000101100110000110111011101001100110010100100110111010000101101111100110100001010101100010100010100101111111111101101100111010011001100
c Known solution cost is 24298 
p cnf 500 500
w 12 94 95 42 68 31 24 62 12 3 21 22 58 64 45 14 71 88 37 41 97 47 65 89 59 19 92 89 29 28 59 41 22 6 35 43 89 59 5 2 15 78 76 73 94 21 88 17 61 25 59 11 73 24 0 84 95 44 73 24 73 84 17 95 42 53 90 32 12 47 34 27 26 62 53 72 35 41 90 97 18 1 8 43 77 8 28 72 53 53 48 78 38 65 25 80 18 16 64 31 63 50 10 41 12 63 14 0 4 56 97 75 57 57 18 86 17 46 10 22 52 58 52 90 23 78 22 42 94 87 25 9 89 35 51 2 99 65 2 55 73 51 30 30 60 1 68 29 99 78 52 51 36 56 93 59 34 68 53 80 7 78 90 96 66 41 50 65 58 4 72 31 7 55 13 67 56 33 97 7 11 1 59 99 57 4 10 44 72 16 24 31 94 14 28 60 7 78 77 17 35 2 0 42 57 65 62 65 98 11 72 61 12 83 60 21 88 23 17 12 39 42 44 85 8 72 98 68 2 75 85 89 77 38 32 86 3 94 51 2 5 76 15 69 59 76 42 99 51 60 12 90 54 8 27 62 32 25 82 34 1 20 24 30 58 8 17 61 2 20 15 59 96 31 28 8 59 70 7 10 82 71 52 36 79 79 51 11 57 33 98 58 53 74 40 63 82 9 25 36 82 92 95 30 75 23 38 34 45 98 96 28 21 0 16 53 80 67 64 89 53 14 99 58 40 39 22 22 1 99 10 83 43 5 13 19 80 4 53 78 54 50 58 75 50 74 28 82 94 45 71 99 11 70 57 52 62 31 74 63 30 37 46 74 42 11 93 75 15 98 53 69 48 63 97 51 89 77 85 83 22 9 82 34 31 92 38 45 23 12 8 54 1 6 80 96 70 25 71 37 23 76 59 24 39 56 27 28 33 12 64 8 73 98 94 5 90 32 50 14 96 11 20 98 69 52 94 39 77 17 77 0 93 36 24 84 44 51 64 77 16 28 37 41 79 83 46 69 15 49 35 64 12 7 14 81 59 60 73 36 77 50 89 22 38 65 58 82 17 22 11 85 3 1 26 82 84 25 3 52 26 39 16 90 46 82 71 58 42 96 94 71 46 83 45 36 49 3 18 18
-379 6 -388 0
-405 -186 159 0
-474 274 -248 0
466 -419 -270 0
89 -457 -129 0
-408 -170 -437 0
-349 -332 172 0
-295 -283 -249 0
322 -179 334 0
118 402 -143 0
56 -449 -229 0
477 16 -165 0
-38 456 -479 0
-454 -91 112 0
261 127 -41 0
49 60 172 0
403 14 457 0
-486 145 270 0
397 133 62 0
301 -226 88 0
-127 -25 29 0
377 201 494 0
-34 -385 -124 0
268 -376 -18 0
-35 -431 373 0
393 448 51 0
-281 71 -198 0
-7 -474 137 0
234 -54 -160 0
-136 -462 128 0
-260 5 -351 0
167 265 59 0
126 -344 323 0
495 -359 -453 0
197 -417 419 0
-163 -395 302 0
279 337 -424 0
-200 -328 95 0
56 189 -353 0
-214 60 -306 0
-416 -313 -317 0
-12 -220 83 0
94 -237 44 0
350 19 89 0
-448 -135 312 0
-250 -63 183 0
-429 -187 -49 0
-206 361 232 0
-475 209 -213 0
-194 -31 -454 0
-81 79 442 0
457 -45 -318 0
-300 -418 16 0
238 368 -375 0
-476 -220 -441 0
298 377 -231 0
14 183 -427 0
-21 -310 -422 0
64 441 -468 0
360 -224 499 0
330 489 32 0
10 444 286 0
450 102 265 0
474 452 -480 0
-494 332 425 0
344 99 195 0
-153 278 -430 0
124 419 242 0
151 57 24 0
161 398 -492 0
146 -30 -11 0
38 455 322 0
151 -55 407 0
-465 4 237 0
266 -450 482 0
-444 89 -206 0
239 -249 -134 0
-364 -260 216 0
48 293 205 0
30 -123 -228 0
-138 46 342 0
160 -47 353 0
-270 -257 -287 0
-290 498 50 0
187 -340 -463 0
315 392 224 0
371 362 -190 0
-356 -418 -482 0
402 -118 287 0
189 483 -313 0
156 -450 98 0
362 363 -161 0
294 -479 395 0
-219 -259 -149 0
158 294 260 0
108 406 -103 0
-390 141 15 0
175 316 52 0
-411 -79 -190 0
-33 258 -442 0
207 301 390 0
-40 -10 197 0
-461 -126 197 0
-264 406 -318 0
-174 59 -464 0
-482 -114 -308 0
485 -255 325 0
199 -123 -251 0
132 140 335 0
-218 116 -418 0
-387 184 -351 0
99 44 -484 0
37 431 -313 0
135 -340 -472 0
-489 -497 378 0
-149 308 -316 0
-260 228 297 0
-136 275 491 0
201 -460 304 0
-287 -374 34 0
27 374 -308 0
36 117 -225 0
439 -23 -167 0
-29 39 -101 0
-175 406 234 0
-44 280 -494 0
-176 467 -408 0
439 414 89 0
284 92 12 0
-65 -456 347 0
-354 449 352 0
-408 369 458 0
-418 406 -197 0
-318 -376 -208 0
154 464 -84 0
356 455 -309 0
-225 -60 -124 0
-250 16 -236 0
223 -247 32 0
-447 211 359 0
-32 276 439 0
348 292 248 0
-254 155 -349 0
142 -416 459 0
-318 168 -476 0
-311 321 -125 0
280 297 -43 0
9 -96 132 0
-331 354 315 0
429 481 208 0
-298 -154 490 0
407 -421 -369 0
120 224 -242 0
-405 -126 -106 0
-155 28 -244 0
-322 319 157 0
-235 -399 -220 0
-400 -454 327 0
360 -284 457 0
-314 -408 -238 0
-80 366 149 0
69 72 -94 0
372 257 -328 0
-50 -96 393 0
326 -155 -226 0
315 -244 -451 0
-97 -342 -222 0
279 -95 23 0
-87 -238 -239 0
-233 -303 -471 0
39 366 365 0
351 357 -240 0
-249 102 122 0
305 -89 -244 0
-145 -226 189 0
378 320 33 0
315 -216 457 0
272 -334 262 0
-144 -221 301 0
-348 210 -447 0
-15 -394 439 0
143 -430 -108 0
-486 329 -48 0
35 384 -414 0
-266 77 -339 0
161 -243 -76 0
368 -86 -402 0
-82 -94 -181 0
-176 309 -367 0
-17 296 -174 0
309 97 406 0
-315 -273 442 0
202 -480 402 0
26 417 58 0
-59 489 -426 0
-111 -254 -66 0
131 67 -496 0
328 78 -372 0
40 115 -477 0
170 277 -494 0
-86 79 -294 0
-311 -349 104 0
6 235 -368 0
-74 -206 301 0
394 -109 -475 0
140 288 17 0
-270 187 247 0
-251 80 -186 0
-450 -499 394 0
-8 107 302 0
297 -56 407 0
364 -186 198 0
-296 265 -490 0
302 -93 -384 0
180 283 -473 0
455 21 295 0
-189 47 -390 0
225 -243 -21 0
244 -476 -85 0
-429 195 400 0
-497 197 -360 0
148 419 -75 0
-9 -65 -120 0
-283 45 -16 0
-204 375 -486 0
178 -339 162 0
-312 -54 319 0
263 67 -380 0
-140 -123 455 0
495 -447 -404 0
325 -384 -192 0
-443 -323 458 0
-469 313 -465 0
-67 -90 267 0
-144 -363 279 0
324 -9 -350 0
-471 -370 -232 0
301 -403 412 0
295 426 61 0
421 121 -443 0
-42 -116 103 0
329 -285 163 0
-5 -61 -369 0
-359 443 -127 0
463 -409 266 0
356 284 462 0
325 -131 -233 0
-440 -9 -467 0
-113 -276 -348 0
3 421 332 0
-455 404 171 0
-498 -426 469 0
445 325 300 0
41 -94 374 0
42 -350 73 0
183 -231 -169 0
43 382 137 0
455 -477 233 0
-54 231 363 0
-148 200 -250 0
279 -420 -350 0
-13 -400 -184 0
19 -479 486 0
-297 -28 95 0
185 -431 164 0
-104 -434 -167 0
489 -435 -459 0
-438 -474 -132 0
305 23 -280 0
309 457 -265 0
362 261 -178 0
306 -304 444 0
-385 -302 -188 0
-291 255 332 0
256 300 194 0
234 -495 -41 0
105 73 337 0
-426 -173 -151 0
24 295 -171 0
217 169 393 0
301 160 -263 0
-105 460 -113 0
-231 -362 463 0
-371 65 452 0
314 -193 302 0
-112 277 476 0
-439 404 -165 0
-446 -392 -218 0
-477 411 -215 0
433 -393 99 0
488 -225 175 0
356 -108 338 0
-384 -183 398 0
367 188 -64 0
484 -246 208 0
-339 468 230 0
-468 343 -268 0
55 179 -103 0
342 53 -4 0
-65 -139 -429 0
406 -230 336 0
-279 459 -126 0
-327 -388 475 0
-207 139 -430 0
134 -38 415 0
499 -430 20 0
-299 -414 437 0
-410 463 194 0
321 -325 -144 0
-219 439 181 0
-69 307 -36 0
-142 442 430 0
440 177 267 0
164 357 113 0
227 -488 -92 0
63 11 140 0
295 234 447 0
-412 265 -241 0
-217 -493 -336 0
436 76 -111 0
-277 157 -136 0
421 248 -201 0
-346 291 -465 0
-366 114 197 0
300 389 -313 0
-339 -305 74 0
-36 111 424 0
-330 376 303 0
-238 165 309 0
-87 54 413 0
-199 -96 423 0
-180 183 -85 0
-373 322 -347 0
427 -292 -129 0
269 301 -310 0
301 -2 160 0
-328 110 -471 0
-52 -385 280 0
207 424 90 0
409 318 160 0
214 -354 -195 0
-113 -333 102 0
434 -71 -203 0
291 -321 82 0
-298 -358 -472 0
-481 315 -471 0
289 -174 -500 0
-179 279 -357 0
333 39 213 0
-156 291 -271 0
397 -390 -466 0
241 465 -215 0
-212 189 398 0
200 -152 -269 0
6 -24 77 0
106 -447 -22 0
138 -87 129 0
487 -182 242 0
381 148 -369 0
-104 87 189 0
496 473 332 0
303 291 273 0
-307 -352 -85 0
-111 438 -240 0
-411 219 356 0
-228 204 -283 0
-432 -84 405 0
-282 133 -397 0
-413 336 299 0
-37 -326 -228 0
-243 386 -445 0
496 -249 435 0
6 67 -289 0
297 -337 77 0
-405 -97 310 0
293 251 -94 0
-38 -118 249 0
-398 -128 -217 0
-472 297 -26 0
-443 -129 -258 0
-173 -399 493 0
336 -99 -238 0
480 419 132 0
-27 139 -46 0
-261 -474 284 0
322 221 -211 0
-210 349 -298 0
301 115 136 0
-250 -153 388 0
-158 -233 187 0
-389 86 -354 0
311 346 -86 0
290 48 -431 0
-438 331 -385 0
-84 481 -98 0
-185 357 203 0
-57 -433 401 0
-330 45 206 0
454 -231 236 0
250 -40 -490 0
332 -318 -452 0
418 464 163 0
-219 -298 -274 0
500 -155 -227 0
-491 117 138 0
-376 190 -176 0
-199 -347 -166 0
-198 215 420 0
314 84 -42 0
151 48 -320 0
134 -191 218 0
-478 -243 361 0
-6 -310 4 0
243 402 -101 0
-157 -488 -168 0
-431 -458 323 0
114 345 -105 0
-338 -372 -196 0
240 -436 -209 0
147 68 352 0
-344 -164 448 0
340 -162 -318 0
-188 -460 130 0
-39 22 -177 0
-476 478 182 0
-401 227 192 0
-97 -423 339 0
399 293 -244 0
-331 -245 -307 0
63 1 491 0
402 479 -135 0
-267 -487 -142 0
485 -447 254 0
-465 315 85 0
-77 -390 -273 0
45 -376 -172 0
-497 -383 10 0
-361 322 189 0
-365 355 319 0
342 37 173 0
370 -376 100 0
374 176 151 0
-62 366 123 0
-209 -454 470 0
-84 31 200 0
408 -385 -471 0
252 -30 -146 0
220 -254 34 0
147 -396 -133 0
-377 -112 374 0
-275 416 -40 0
70 472 433 0
-117 393 -80 0
264 458 222 0
253 428 -112 0
145 -159 471 0
495 4 91 0
-262 -425 191 0
174 -186 496 0
-150 -497 214 0
-18 -381 -141 0
-253 452 -240 0
214 -136 101 0
-293 -143 439 0
96 195 -65 0
-220 -443 282 0
79 -143 8 0
-365 373 -73 0
396 481 139 0
-341 419 163 0
46 245 -319 0
-19 -408 -107 0
-137 81 -176 0
-272 -347 46 0
-485 424 -118 0
-443 -329 333 0
226 234 -447 0
-376 75 -78 0
-275 -287 385 0
-301 -454 -288 0
-335 -416 -14 0
-378 457 -465 0
224 459 -102 0
497 137 -30 0
-396 114 -407 0
153 309 453 0
-64 -104 -406 0
-33 461 -115 0
-438 -222 18 0
13 -174 61 0
-205 -135 -70 0
295 432 -493 0
-234 356 81 0
-391 152 -233 0
-155 -119 398 0
-191 186 230 0
455 439 -147 0
44 144 -198 0
-53 -449 -290 0
277 22 -72 0
