c instance by G2
c solution = 10111100110100011101101101011010100000011101101111001111111000011011100010000111001111000100011111001010010000100011110010011001101000001001011010010011010010100000100010011100001000100101110100111110111011011011000010000010001110100101000001111110010011001110110100000001100011011010110000001011001100000001111010110110100000110100100101010101010000000100101111101011111111010110110101111100000001110001100111001011111001001001100000101010111000011101000010100001001100010100101111010011111110010110
c Known solution cost is 24670 
p cnf 500 500
w 88 69 7 3 7 26 11 15 99 4 37 42 88 63 45 92 98 2 38 16 10 13 37 56 38 32 7 91 43 43 31 31 12 91 34 71 17 97 86 68 1 75 62 41 38 8 33 36 62 24 52 73 37 41 29 76 25 88 19 20 31 2 51 95 93 37 67 62 87 5 83 88 81 45 82 71 5 67 8 68 91 12 93 81 6 22 9 31 62 28 52 93 30 55 40 76 45 7 90 32 65 73 72 46 71 54 17 76 22 77 44 65 90 89 46 96 63 7 79 25 87 31 18 70 39 59 46 84 18 88 68 83 14 40 81 85 95 51 13 69 28 10 34 70 99 33 18 63 40 98 88 80 81 59 50 20 70 48 56 40 36 24 76 2 65 9 39 12 60 53 81 41 15 15 11 66 0 30 29 93 80 70 73 61 81 23 34 3 71 42 95 59 67 71 62 84 81 1 48 93 6 29 34 73 96 46 40 97 28 21 42 8 43 15 21 24 38 7 79 61 50 75 20 69 98 34 53 79 88 1 73 46 82 59 20 30 57 60 79 85 33 21 45 77 36 19 53 26 26 33 87 76 60 60 45 58 94 50 38 82 3 63 29 37 22 1 68 80 13 47 17 46 69 63 23 57 34 77 84 60 62 23 89 22 83 86 80 78 37 70 12 92 33 93 30 56 94 98 88 7 97 5 54 18 20 29 28 54 58 12 15 20 87 56 42 71 42 75 1 31 45 13 24 79 7 6 87 53 56 75 61 53 32 15 24 53 44 52 59 3 64 74 75 3 30 70 74 25 45 27 56 90 41 80 21 0 86 8 53 42 35 66 48 20 81 72 73 78 24 32 33 40 59 60 43 41 30 18 66 75 45 23 18 38 55 91 90 94 52 96 36 87 62 36 59 96 8 84 26 32 17 11 72 28 71 68 21 2 38 40 29 83 15 99 74 70 91 16 16 43 12 5 82 27 41 42 23 50 26 1 34 95 12 59 75 83 27 97 37 65 89 67 0 4 18 26 26 9 43 43 4 7 48 87 86 89 81 61 91 59 62 26 7 74 37 82 58 64 31 47 81 20 66 81 76 85 8 3 46 3 46 51 62 46 90 49 35 23 62 79 82 25 57 89 99 94 24 9 10 55
166 108 173 0
181 -328 -391 0
292 -299 -112 0
-124 4 -157 0
201 456 268 0
483 -454 -480 0
-239 -195 -281 0
254 406 52 0
-332 -148 351 0
66 267 -431 0
-460 -96 -285 0
355 -371 416 0
-353 345 339 0
-84 113 -248 0
195 156 -101 0
75 -265 -336 0
161 270 -219 0
-500 52 -398 0
-22 -379 -468 0
453 302 -13 0
-161 -202 352 0
-11 62 301 0
-92 52 167 0
411 465 -458 0
-453 288 -79 0
229 -131 -5 0
39 321 193 0
6 88 -313 0
-424 -254 -281 0
424 339 459 0
452 150 -409 0
-385 -280 -321 0
492 353 251 0
-119 263 303 0
110 -192 94 0
-193 -359 -373 0
-170 426 305 0
192 -368 105 0
-118 23 30 0
398 -371 -299 0
-300 456 389 0
-310 438 31 0
-378 -294 297 0
20 191 347 0
52 -416 489 0
-415 -319 -176 0
-428 -445 -28 0
-345 -368 -124 0
-28 -335 184 0
132 5 89 0
-23 430 367 0
340 358 -492 0
-393 43 -379 0
354 497 470 0
-351 -310 266 0
-412 -491 407 0
-450 -423 88 0
-125 -42 443 0
96 402 62 0
-367 235 -251 0
-169 -204 358 0
-229 47 150 0
-29 -77 414 0
68 -405 214 0
1 -154 102 0
364 294 -221 0
-281 350 -168 0
-325 -106 455 0
-416 285 -148 0
361 -165 -308 0
188 393 458 0
-373 216 -139 0
113 445 190 0
309 292 348 0
19 455 -291 0
61 -63 239 0
303 177 -39 0
131 -498 485 0
143 39 350 0
-390 -135 -386 0
-224 -481 207 0
211 167 130 0
-188 81 -32 0
144 48 312 0
260 -287 -309 0
500 496 339 0
352 -298 -96 0
80 -338 375 0
-185 294 255 0
374 176 -245 0
-117 -181 -399 0
288 151 214 0
-86 311 61 0
155 -46 -333 0
-72 -373 500 0
-444 -157 -264 0
-198 -346 -200 0
213 338 -464 0
-442 -50 -266 0
353 184 -100 0
-53 -296 152 0
-134 -405 -236 0
-398 64 347 0
231 -429 -18 0
213 481 63 0
-188 98 35 0
-470 -283 -246 0
424 233 258 0
-246 -277 -238 0
-354 245 -250 0
-43 446 -389 0
-462 -283 -192 0
293 -53 -286 0
485 -122 -293 0
-479 380 86 0
110 -214 123 0
313 290 112 0
-254 -114 19 0
299 -373 451 0
-480 -296 115 0
-148 -82 -492 0
403 -130 51 0
462 328 -242 0
-374 90 322 0
199 478 241 0
-346 -159 -30 0
350 278 326 0
-482 490 -262 0
242 -208 -80 0
487 93 -300 0
-344 420 -268 0
388 -16 -464 0
455 -411 119 0
191 -104 167 0
-143 36 -466 0
-262 457 14 0
-240 191 51 0
-128 217 -121 0
-428 319 74 0
-440 291 -361 0
136 -434 210 0
418 13 110 0
301 -395 426 0
-166 122 -40 0
-491 -180 181 0
-489 -243 410 0
-407 -55 -479 0
-374 13 -38 0
-408 -308 49 0
-137 216 223 0
249 312 -475 0
218 203 -145 0
497 -55 474 0
43 -235 75 0
-372 59 -67 0
-324 -49 -342 0
-399 -47 -178 0
292 -406 182 0
218 53 -422 0
327 34 -199 0
310 473 158 0
-446 -196 8 0
-467 287 259 0
396 206 495 0
75 165 463 0
-15 -388 -333 0
294 -379 -213 0
308 -450 81 0
100 -296 -133 0
-156 475 494 0
170 372 25 0
162 -249 -283 0
100 295 138 0
-350 -285 -328 0
138 111 -280 0
463 -50 -241 0
-61 -59 495 0
348 134 386 0
274 -106 54 0
-136 25 -387 0
463 455 205 0
74 -197 -87 0
-286 417 276 0
163 -245 400 0
-261 -18 -27 0
136 -455 -29 0
-390 -473 -399 0
-80 368 355 0
290 468 265 0
-184 -26 52 0
-56 -312 -491 0
384 263 275 0
69 60 -441 0
-65 -364 455 0
119 82 -51 0
353 225 78 0
-346 330 185 0
-162 -285 427 0
424 -206 -74 0
423 -359 234 0
-195 179 -12 0
-188 246 -410 0
-449 407 318 0
480 -253 75 0
-380 60 -258 0
181 62 44 0
-143 -42 -216 0
-489 -252 -95 0
-310 -331 454 0
-89 251 466 0
376 260 461 0
473 -179 -225 0
-243 -8 350 0
-372 411 -432 0
180 -212 -263 0
-422 286 411 0
282 499 301 0
272 104 63 0
420 -416 409 0
-9 -323 -300 0
-413 249 -155 0
300 356 -318 0
156 453 -35 0
161 -278 128 0
93 -459 -271 0
57 70 394 0
-64 -96 -284 0
365 52 113 0
-202 -153 -59 0
-404 -67 262 0
-90 -218 289 0
427 -305 -448 0
-7 465 60 0
-363 -59 283 0
-209 235 -207 0
-78 429 -272 0
419 -80 76 0
-383 25 451 0
383 -461 451 0
-352 294 222 0
-481 134 -127 0
-256 -45 -429 0
-281 172 146 0
-336 -429 422 0
494 -198 -447 0
-76 -118 265 0
-37 364 105 0
42 337 423 0
255 -486 -365 0
439 447 -338 0
-62 27 356 0
-95 346 -159 0
408 334 7 0
290 -132 61 0
71 12 214 0
484 432 453 0
100 140 -231 0
-253 333 426 0
-94 303 387 0
-118 356 183 0
247 -42 62 0
108 13 264 0
-421 -16 35 0
-226 -151 -361 0
-448 -255 133 0
-64 -339 156 0
-171 -296 -489 0
-498 -282 241 0
255 -474 -177 0
14 132 -355 0
375 -21 415 0
-50 168 399 0
-349 -457 -496 0
-58 -321 277 0
-194 11 444 0
453 -229 404 0
-484 360 475 0
466 -333 -105 0
-159 18 -68 0
-90 -392 -371 0
-309 339 212 0
-228 132 491 0
-427 334 -482 0
-58 -329 -152 0
-433 462 335 0
483 297 -113 0
-242 -14 329 0
41 326 497 0
105 -436 -148 0
224 125 -384 0
168 428 -360 0
454 204 281 0
-410 -232 -58 0
-285 83 -439 0
-484 -360 472 0
378 -217 314 0
-356 222 130 0
81 235 209 0
-147 -295 -316 0
37 -143 -334 0
-99 -449 -17 0
265 -126 -480 0
288 -24 -478 0
-208 166 -347 0
-398 147 -230 0
469 -289 -368 0
145 -55 444 0
442 -231 -128 0
-206 -429 -320 0
225 291 -494 0
-195 379 36 0
30 -477 464 0
220 81 33 0
438 -70 460 0
438 316 -278 0
-389 95 -28 0
30 -477 357 0
412 2 142 0
382 237 120 0
-75 14 -405 0
322 -154 477 0
-483 421 -18 0
-344 -65 21 0
306 -93 -333 0
301 -108 120 0
-420 335 377 0
-264 34 342 0
194 189 175 0
178 16 -369 0
-212 137 -121 0
-308 385 -102 0
-469 -67 240 0
-67 -498 261 0
103 289 -174 0
302 -489 373 0
-301 104 -211 0
193 -71 27 0
-361 -343 -131 0
-23 29 -192 0
-107 266 426 0
-403 213 -250 0
-84 493 74 0
-297 392 -9 0
494 219 -167 0
-274 -443 -217 0
-142 370 213 0
55 -183 -338 0
60 28 -65 0
193 187 186 0
-188 133 -164 0
153 97 -315 0
-229 174 155 0
414 -337 -340 0
-223 -489 296 0
-457 430 -375 0
479 -78 -376 0
-463 220 411 0
-191 396 317 0
274 343 79 0
-354 156 -471 0
169 -85 -148 0
-451 460 -387 0
187 -57 67 0
244 255 433 0
65 240 -67 0
345 488 2 0
204 -277 336 0
240 -317 -398 0
465 66 73 0
3 112 421 0
40 -283 -229 0
-489 268 -222 0
-474 -34 -489 0
-261 -277 -358 0
107 -476 62 0
-237 248 -128 0
-429 380 -326 0
-400 -336 129 0
208 126 -468 0
-250 449 -183 0
-367 270 -341 0
-363 -123 -448 0
-24 -348 200 0
39 280 105 0
426 43 435 0
260 363 -415 0
236 412 -243 0
326 -117 -109 0
-450 -42 26 0
-302 -360 -125 0
-488 448 431 0
-270 30 375 0
106 458 249 0
273 -399 100 0
60 117 167 0
-19 -368 -477 0
495 -52 237 0
431 -18 -215 0
-117 197 -246 0
-175 213 -86 0
297 99 -210 0
-293 148 392 0
-258 -438 317 0
317 -303 -12 0
-408 85 -212 0
116 444 345 0
-68 -362 250 0
253 -344 -145 0
-394 -498 164 0
-20 -160 292 0
-90 -290 82 0
441 -195 170 0
267 -24 -138 0
-158 426 -308 0
-141 156 -415 0
-306 395 147 0
118 -199 -131 0
-456 -459 -67 0
61 292 124 0
402 74 -292 0
77 -179 -465 0
402 421 -233 0
375 425 -361 0
461 -405 -182 0
109 134 -220 0
450 162 451 0
-36 -236 -321 0
-120 -28 8 0
369 14 -53 0
407 -276 -371 0
-95 58 292 0
366 -203 84 0
56 2 320 0
-437 -231 -485 0
-279 -83 -493 0
-187 150 213 0
-387 -321 -414 0
466 202 456 0
133 157 163 0
-98 70 405 0
235 -495 81 0
-192 -157 390 0
403 -2 331 0
-110 350 -33 0
-322 61 15 0
287 -234 -401 0
168 420 437 0
-415 88 -144 0
421 227 -154 0
-146 175 -209 0
317 228 486 0
-269 -53 99 0
-415 -275 -467 0
17 99 170 0
-81 -443 377 0
-260 -372 2 0
444 9 -231 0
102 -304 433 0
471 243 13 0
30 -66 -491 0
10 61 289 0
-205 -91 63 0
391 -373 159 0
-196 -397 -346 0
498 -299 394 0
-307 -449 133 0
-272 322 -426 0
149 119 154 0
-367 127 371 0
-496 50 194 0
-267 -121 -419 0
467 343 160 0
257 63 11 0
34 -88 -23 0
438 -389 -396 0
-366 185 2 0
362 -129 471 0
307 -398 -150 0
359 339 77 0
185 -111 -314 0
412 413 288 0
-53 303 -60 0
-425 -143 45 0
315 -488 -17 0
-163 -362 -140 0
349 -497 185 0
101 -117 146 0
323 -430 -328 0
-459 414 -288 0
-149 306 -245 0
232 -402 288 0
265 198 162 0
-25 288 123 0
-400 432 381 0
-273 13 -377 0
325 122 121 0
344 -174 177 0
232 482 135 0
-48 -410 196 0
24 -250 119 0
